w=0.65w=0.4
position_history=[[2.9288102356394887, 12.91136198234517, 6.16580256429863],
 [-3.744767324238449, 23.50638004692479, 27.81976563006176],
 [4.082673665635937, 25.535798297559666, -25.737836508126783],
 [16.689405056991028, 22.200728894809153, 28.71710053396584],
 [-22.903534447864008, 8.395261279651429, -21.398802755457215],
 [-5.182578185779786, 25.884966904568458, 30.0],
 [-3.896293349764938, 23.885622596432253, 27.857329025740537],
 [-1.3920518515369373, 23.43583966122521, 30.0],
 [8.541863909525015, 22.57187998148549, 27.909674670197337],
 [-16.234142390091094, 11.759447832103277, 30.0]]
最小値:78.29361296808202
入力値:[-16.23414239  11.75944783  30.        ]
経過時間:60.53899121284485sec
num_evaluation of BBF = 10.0w=0.65w=0.4
position_history=[[-4.978679717845559, 13.219469606529486, -29.993137510959308],
 [-18.824387317339745, -9.266356377417136, -6.193951546159802],
 [-17.732865016108953, 22.687046183456722, -28.35674440812443],
 [-21.576783684285974, -18.113910654907272, 18.0446741205322],
 [22.583349137762298, 23.67639981023084, -24.897347317813328],
 [30.0, 30.0, -30.0],
 [4.451176264503854, 30.0, -9.814519905541912],
 [5.6927671044230586, 22.836830905352944, -28.146451635735588],
 [22.4478283752965, -13.896384567994797, -30.0],
 [21.984120355965043, 23.24717935566478, -24.40576206335509]]
最小値:77.10734309002873
入力値:[  5.6927671   22.83683091 -28.14645164]
経過時間:55.675843715667725sec
num_evaluation of BBF = 10.0