
BO_ratio_matrix=array([[86.45242686, 87.06247208, 86.26655635, 85.40475539, 83.8185602 ,
        87.52957874, 88.55393456, 87.28704836, 82.62850684, 87.59622351],
       [86.97269312, 84.39246538, 86.52314664, 88.01894347, 84.93830364,
        86.91613182, 83.4697976 , 86.3760499 , 86.57489091, 87.85295064],
       [86.86961211, 84.72651996, 86.63211724, 86.40930388, 87.22768296,
        85.72422256, 84.60963711, 86.46547208, 87.98607374, 89.23705277],
       [88.80934273, 83.3557957 , 87.18143941, 89.23176461, 86.56334766,
        88.40974593, 82.69997263, 87.40234891, 87.3457544 , 84.73093116],
       [88.84324948, 84.04924486, 88.43569504, 88.95804575, 86.11430013,
        88.48583833, 86.088924  , 88.75287206, 87.41268585, 88.36731607]])
RS_ratio_matrix=array([[ 88.06786724,  87.28631303,  84.54781738,  88.26670667,
         86.26029506,  85.2846951 , 111.01377651,  85.71803202,
         89.67243763,  86.94000104],
       [ 87.29525992,  84.72267193,  84.54781738,  86.90522401,
         85.72114327,  84.92880222,  83.10337084,  81.64149309,
         87.78766787,  82.55500414],
       [ 87.29525992,  84.72267193,  84.54781738,  86.85811834,
         85.54997171,  83.42738431,  82.37035055,  81.64149309,
         87.78766787,  82.55500414],
       [ 87.29525992,  84.72267193,  84.54781738,  85.6302072 ,
         85.81694219,  85.98059198,  82.16543392,  85.45075023,
         87.78766787,  84.35156941],
       [ 87.29525992,  84.72267193,  84.54781738,  85.97939664,
         88.5034699 ,  85.98059198,  82.21429138,  86.64258623,
         87.78766787,  87.43658303]])
BO_time_matrix=array([[  39.3525126 ,   45.02678084,   45.43806911,   43.86564612,
          54.41130209,   41.77779245,   42.82288361,   48.93371964,
          47.17762089,   57.98703361],
       [ 119.68675685,  135.63894439,  131.8836174 ,  158.0186553 ,
         137.943115  ,  125.14854383,  125.42253399,  132.74706101,
         140.17253709,  664.47764802],
       [ 204.65560961,  206.16970372,  225.35240388,  249.86766696,
         215.71654296,  209.4533186 ,  210.67872047,  227.56044316,
         225.23856401,  218.46089005],
       [ 418.6286006 ,  444.29799461,  453.7038672 ,  548.36505842,
         422.62085986,  422.16048717,  480.78804994,  465.56520152,
         459.03164482,  427.39972472],
       [1236.79026699,  668.63884258,  664.80597901,  704.38513494,
         632.31368375,  648.58892298,  680.06546068,  714.37943721,
         688.28664875,  632.79391289]])
RS_time_matrix=array([[ 39.28537345,  42.4360733 ,  42.62305021,  45.99884462,
         44.98015761,  41.40564656,  41.82459259,  46.414428  ,
         46.55615306,  56.1243608 ],
       [147.76422787, 127.39503312, 128.26370072, 140.86224246,
        142.49828124, 125.28597689, 124.95919657, 132.26978922,
        141.70195889, 126.69944763],
       [209.90900874, 216.36344242, 223.47750616, 288.02537799,
        216.75851393, 209.18924403, 215.91609049, 230.33682632,
        233.81983924, 214.88663077],
       [417.90212512, 449.02269101, 457.63746214, 460.51790905,
        417.5627284 , 428.01327896, 457.60847902, 482.09415412,
        458.39154673, 422.59909415],
       [695.40865397, 661.77622151, 671.15588784, 793.85996342,
        628.63635325, 635.88864923, 668.78124404, 689.56305027,
        683.79828405, 640.21304512]])
BO_cost_matrix=array([[  2.25898409,  18.37243695, -17.61754761, -17.47272156,
         10.36932284,  -3.1737048 , -12.11024878,  -4.08509301,
         13.69820143,  18.35444939],
       [-32.54777872, -18.69613149, -31.91376921, -24.33530177,
         -7.49909092,  -8.67252283, -21.94952072, -32.74549011,
        -14.09376614,  -0.91801992],
       [-32.47659193, -19.45753755, -31.98456853, -30.28150332,
         -8.71210349, -23.95904166, -19.81145589, -32.80983565,
        -26.51000233,  -4.65006663],
       [-33.78050656, -29.2462083 , -33.60697759, -30.45859772,
        -32.96778708, -16.68372689, -26.35198726, -34.90370287,
        -26.83453505, -30.30874345],
       [-33.83389773, -26.9923016 , -34.62354314, -34.3206099 ,
        -17.61271361, -16.87218255, -33.46934503, -34.51197794,
        -34.33670132, -33.86201608]])
RS_cost_matrix=array([[-13.59845618, -12.22866523, -31.16150087, -13.78736929,
          9.88394143,  -4.87167125,  64.53500649, -19.43582349,
         11.29769033, -17.5264648 ],
       [-29.98896124, -15.39255701, -31.16150087, -21.1603665 ,
          4.79539951, -19.06408451, -27.16183439, -15.99753551,
        -17.18198992,   1.30133848],
       [-29.98896124, -15.39255701, -31.16150087, -25.39159516,
         -4.3472435 , -26.05369505, -27.98615256, -15.99753551,
        -17.18198992,   1.30133848],
       [-29.98896124, -15.39255701, -31.16150087, -31.48076735,
        -17.4758526 , -32.06976982, -29.25918699, -18.87604772,
        -17.18198992, -13.68525603],
       [-29.98896124, -15.39255701, -31.16150087, -32.36462987,
        -22.197944  , -32.06976982, -29.42724352, -19.00806617,
        -17.18198992, -18.89536948]])
Mean Accumulated PREC(%) 10 times; BBF=[ 10.  30.  50. 100. 150.]
BO_vec=array([86.26000629, 86.20353731, 86.58876944, 86.57304431, 87.55081716])
RS_vec=array([89.30579417, 84.92084547, 84.67557392, 85.3748912 , 86.11103363])
Median Accumulated PREC(%) 10 times; BBF=[ 10.  30.  50. 100. 150.]
BO_vec=array([86.75744947, 86.54901878, 86.54879466, 87.26359691, 88.40150555])
RS_vec=array([87.11315703, 84.82573707, 84.63524465, 85.54047871, 86.3115891 ])
Min Accumulated PREC(%) 10 times; BBF=[ 10.  30.  50. 100. 150.]
BO_vec=array([82.62850684, 83.4697976 , 84.60963711, 82.69997263, 84.04924486])
RS_vec=array([84.54781738, 81.64149309, 81.64149309, 82.16543392, 82.21429138])
Max Accumulated PREC(%) 10 times; BBF=[ 10.  30.  50. 100. 150.]
BO_vec=array([88.55393456, 88.01894347, 89.23705277, 89.23176461, 88.95804575])
RS_vec=array([111.01377651,  87.78766787,  87.78766787,  87.78766787,
        88.5034699 ])
Mean Cost function value 10 times; BBF=[ 10.  30.  50. 100. 150.]
BO_vec=array([  0.85940789, -19.33713918, -23.0652707 , -29.51427728,
       -30.04352889])
RS_vec=array([ -2.68933129, -17.1012092 , -19.21998923, -23.65718895,
       -24.76880319])
Median Cost function value 10 times; BBF=[ 10.  30.  50. 100. 150.]
BO_vec=array([ -0.45736036, -20.3228261 , -25.234522  , -30.38367058,
       -33.8479569 ])
RS_vec=array([-12.9135607 , -18.12303721, -21.28679254, -24.06761735,
       -25.81259376])
Min Cost function value 10 times; BBF=[ 10.  30.  50. 100. 150.]
BO_vec=array([-17.61754761, -32.74549011, -32.80983565, -34.90370287,
       -34.62354314])
RS_vec=array([-31.16150087, -31.16150087, -31.16150087, -32.06976982,
       -32.36462987])
Max Cost function value 10 times; BBF=[ 10.  30.  50. 100. 150.]
BO_vec=array([ 18.37243695,  -0.91801992,  -4.65006663, -16.68372689,
       -16.87218255])
RS_vec=array([ 64.53500649,   4.79539951,   1.30133848, -13.68525603,
       -15.39255701])