w=0.65w=0.4
position_history=[[2.9288102356394887, 12.91136198234517, 6.16580256429863],
 [-3.744767324238449, 23.50638004692479, 27.81976563006176],
 [4.082673665635937, 25.535798297559666, -25.737836508126783],
 [16.689405056991028, 22.200728894809153, 28.71710053396584],
 [-22.903534447864008, 8.395261279651429, -21.398802755457215],
 [-5.182578185779786, 25.884966904568458, 30.0],
 [-3.896293349764938, 23.885622596432253, 27.857329025740537],
 [-1.3920518515369373, 23.43583966122521, 30.0],
 [8.541863909525015, 22.57187998148549, 27.909674670197337],
 [-16.234142390091094, 11.759447832103277, 30.0]]
最小値:78.29361296808202
入力値:[-16.23414239  11.75944783  30.        ]
経過時間:60.21567177772522sec
num_evaluation of BBF = 10.0