
 input
[[5.570677093501104, 20.655944914861053, 21.47673705736542], [20.83510432704754, 7.4138218071583495, -6.937097562438005], [-12.14792360733166, -26.59722136095341, -13.640622325193206], [30.0, -30.0, 30.0], [-30.0, -30.0, -30.0]]
 output
 [ 97.70335907  85.1860237   13.97715397 140.         139.99904216]
最小値:13.977153973771195
入力値:[-12.14792360733166, -26.59722136095341, -13.640622325193206]
経過時間:21.497560739517212sec
num_evaluation of BBF = 5.0
 input
[[5.570677093501104, 20.655944914861053, 21.47673705736542], [20.83510432704754, 7.4138218071583495, -6.937097562438005], [-12.14792360733166, -26.59722136095341, -13.640622325193206], [30.0, -30.0, 30.0], [-30.0, -30.0, -30.0], [11.885239299682084, 14.817650081717183, -15.401850899399603], [-8.441004731695276, -27.149271158520833, -5.641498721506146], [1.5227072504299741, -18.024974867315485, -13.223392815721411], [29.286864475987677, 10.084008621468634, 5.955784669090875], [-15.120202387190721, -12.673684778359025, -14.216055306332917]]
 output
 [ 97.70335907  85.1860237   13.97715397 140.         139.99904216
  92.10474028  91.23167542  82.40514173  95.32665777  79.46873913]
最小値:13.977153973771195
入力値:[-12.14792360733166, -26.59722136095341, -13.640622325193206]
経過時間:20.568570137023926sec
num_evaluation of BBF = 10.0
 input
[[29.831088656332128, 25.95344156031954, -22.312533124238595], [29.942430919448697, -15.834661382881434, -6.2051563622384265], [-6.7253555302795505, 10.18476220820881, 26.132344248361925], [30.0, -30.0, 11.20180026529146], [0.8497133118467239, 5.555959921641545, -6.142500582289909]]
 output
 [127.23680722   1.98224867  93.04246164 121.20180027  62.54817381]
最小値:1.9822486698051218
入力値:[29.942430919448697, -15.834661382881434, -6.2051563622384265]
経過時間:20.30811071395874sec
num_evaluation of BBF = 5.0
 input
[[29.831088656332128, 25.95344156031954, -22.312533124238595], [29.942430919448697, -15.834661382881434, -6.2051563622384265], [-6.7253555302795505, 10.18476220820881, 26.132344248361925], [30.0, -30.0, 11.20180026529146], [0.8497133118467239, 5.555959921641545, -6.142500582289909], [30.0, -3.230924771642684, -7.489153963689706], [-10.696881408294129, -26.964260057969238, -5.610832530452555], [-21.514710207493124, -18.058384438016144, -30.0], [7.429864696552123, 18.191635121696336, 0.38391590496550165], [-27.599612737162666, 1.133654633635242, -13.227915795429269]]
 output
 [127.23680722   1.98224867  93.04246164 121.20180027  62.54817381
  90.72007874  93.07837647 116.69851497  76.00541572  91.95820347]
最小値:1.9822486698051218
入力値:[29.942430919448697, -15.834661382881434, -6.2051563622384265]
経過時間:20.486461639404297sec
num_evaluation of BBF = 10.0