
BO_ratio_matrix=array([[109.42219013, 111.11898911,  86.26655635, 108.49555901,
         93.46429825, 110.64908286, 111.01377651,  92.278281  ,
         99.80860739, 110.98421287],
       [ 97.81188993, 100.10087471,  99.11826266,  99.69753843,
         94.05670988,  86.41750657,  99.62330099, 106.01990647,
         95.17793454,  90.5945851 ],
       [100.11009598, 108.03693277, 104.62360081, 105.20381019,
        107.06301155,  86.46343285, 104.99926443,  99.26727316,
        102.29138137,  99.84017233],
       [ 96.90054014, 102.73829987,  98.27354572, 100.52938538,
        100.30191539, 104.13316634,  97.76453384,  97.98525056,
         97.39823894, 100.74151928],
       [ 98.65016406, 100.86078609,  98.83381395, 100.5886537 ,
        100.13964252,  99.56985005,  97.39588301,  99.83641687,
         98.19424217, 102.10547205]])
RS_ratio_matrix=array([[105.83184712, 105.0821671 ,  84.54781738,  98.91544799,
         93.85143442,  98.36974987, 111.01377651,  87.7662352 ,
         98.60573435, 102.67250286],
       [109.17227468,  96.16038801,  84.54781738,  96.66404319,
         85.57268324,  83.79286247, 106.39601536,  83.25645537,
        104.48228202, 109.02469899],
       [109.17227468,  87.12980965,  92.51058863,  96.66404319,
         97.77061711,  96.60236962, 102.8917274 ,  99.22359527,
        104.48228202, 108.44423001],
       [103.61339735, 100.02905242,  89.65685194,  96.66404319,
         97.77061711,  97.06634546, 104.5078067 ,  99.22359527,
        104.48228202,  96.87101659],
       [ 99.16007259,  99.89495919,  89.65685194,  97.91199327,
        100.43803654,  97.06634546, 104.5078067 ,  99.22359527,
        104.48228202,  97.46785839]])
BO_time_matrix=array([[ 38.45926929,  41.00123024,  41.48411417,  41.30666041,
         42.31242156,  43.67750263,  41.47755933,  41.96321964,
         42.0945363 ,  42.35608912],
       [120.29598022, 125.47162342, 125.13524866, 124.00977707,
        124.64632487, 124.81646585, 126.29725933, 125.31742716,
        125.15984654, 124.0856204 ],
       [205.08440375, 206.55832815, 206.81396198, 206.46310687,
        209.26039243, 209.50498819, 208.47216272, 210.10150075,
        210.82197189, 208.86817408],
       [417.95169902, 415.05130172, 416.77170444, 418.02008438,
        417.34511089, 417.70429373, 416.79752994, 420.46730065,
        420.96007705, 427.08458614],
       [623.22670674, 621.65590906, 620.22738862, 630.27995872,
        626.97382236, 625.52469611, 632.87604403, 633.60039186,
        628.78795671, 631.96180582]])
RS_time_matrix=array([[ 39.40374398,  41.29498887,  41.27107382,  42.34451413,
         42.09272599,  41.60655379,  41.44654703,  42.78656578,
         43.68663621,  43.31499529],
       [150.23693848, 124.574821  , 124.17087054, 122.85843778,
        126.47857189, 125.37050843, 126.53732276, 125.67302632,
        125.22702885, 126.25184822],
       [206.12657666, 209.25957632, 208.01507592, 206.01657224,
        206.98321819, 206.13949823, 210.2539413 , 209.83721185,
        207.00910044, 209.93393159],
       [414.30107164, 412.45932794, 412.63700342, 416.10617971,
        420.17093563, 417.68602061, 416.2700696 , 418.16833591,
        418.71046591, 423.39538074],
       [620.48399734, 622.05356121, 628.94542599, 624.45823622,
        629.49401569, 628.64567375, 627.16265631, 630.30775261,
        626.11679268, 632.02087402]])
BO_cost_matrix=array([[24.00597478, 21.11187768, 30.38239729, 18.46981122, 44.31282316,
        19.60861611, 16.53500649, 38.31275543,  7.236576  , 19.64948706],
       [ 5.38495688, 29.177253  , 10.64520151,  8.41947468, 10.94787974,
        16.48554939,  5.6201861 ,  8.74503608, 13.28326824, 14.97520165],
       [ 4.13243594, 17.4440337 ,  6.5798345 ,  8.01102343,  8.91499072,
        16.4388958 ,  6.80149384,  5.64577286,  7.50062062,  7.35560357],
       [ 7.91420303,  6.52273234,  6.39677434,  6.23182213,  6.08379991,
         6.12133693,  5.80572185,  4.47544099,  9.12607741,  3.61452479],
       [ 4.81775681,  6.58565926,  3.37073943,  2.60845931,  2.98520594,
         2.77556922,  6.22131844,  5.43843103,  4.46920493,  4.16900203]])
RS_cost_matrix=array([[18.0273498 , 20.2905032 , 16.83849906, 30.08245918, 40.81437889,
         4.90760889, 16.53500649, 13.56860761,  7.23935126, 19.0205211 ],
       [12.93611327, 15.42637946, 16.83849906, 10.95370404, 32.38814234,
        19.22483546,  9.12864236, 19.44356448,  9.22104173, 16.86844174],
       [12.93611327, 14.02745121, 14.61252205, 10.95370404,  9.87064449,
         7.9640814 ,  8.62217834,  6.58325302,  9.22104173, 16.55238796],
       [ 7.01377181,  7.45525311, 12.28936625, 10.95370404,  9.87064449,
         6.79372648,  7.50718903,  6.58325302,  9.22104173,  8.42378698],
       [ 4.16250444,  6.10294895, 12.28936625,  5.31194074,  6.36545662,
         6.79372648,  7.50718903,  6.58325302,  9.22104173,  6.83060108]])
Mean Accumulated PREC(%) 10 times; BBF=[ 10.  30.  50. 100. 150.]
BO_vec=array([103.35015535,  96.86185093, 101.78989755,  99.67663955,
        99.61749245])
RS_vec=array([98.66567128, 95.90695207, 99.48915376, 98.9885008 , 98.98098014])
Median Accumulated PREC(%) 10 times; BBF=[ 10.  30.  50. 100. 150.]
BO_vec=array([108.95887457,  98.46507629, 103.45749109,  99.28773055,
        99.70313346])
RS_vec=array([98.76059117, 96.4122156 , 98.49710619, 98.49710619, 99.19183393])
Min Accumulated PREC(%) 10 times; BBF=[ 10.  30.  50. 100. 150.]
BO_vec=array([86.26655635, 86.41750657, 86.46343285, 96.90054014, 97.39588301])
RS_vec=array([84.54781738, 83.25645537, 87.12980965, 89.65685194, 89.65685194])
Max Accumulated PREC(%) 10 times; BBF=[ 10.  30.  50. 100. 150.]
BO_vec=array([111.11898911, 106.01990647, 108.03693277, 104.13316634,
       102.10547205])
RS_vec=array([111.01377651, 109.17227468, 109.17227468, 104.5078067 ,
       104.5078067 ])
Mean Cost function value 10 times; BBF=[ 10.  30.  50. 100. 150.]
BO_vec=array([23.96253252, 12.36840073,  8.8824705 ,  6.22924337,  4.34413464])
RS_vec=array([18.73242855, 16.2429364 , 11.13433775,  8.61117369,  7.11680283])
Median Cost function value 10 times; BBF=[ 10.  30.  50. 100. 150.]
BO_vec=array([20.38068237, 10.79654063,  7.4281121 ,  6.17657953,  4.31910348])
RS_vec=array([17.43292443, 16.13243926, 10.41217426,  7.96548801,  6.68848975])
Min Cost function value 10 times; BBF=[ 10.  30.  50. 100. 150.]
BO_vec=array([7.236576  , 5.38495688, 4.13243594, 3.61452479, 2.60845931])
RS_vec=array([4.90760889, 9.12864236, 6.58325302, 6.58325302, 4.16250444])
Max Cost function value 10 times; BBF=[ 10.  30.  50. 100. 150.]
BO_vec=array([44.31282316, 29.177253  , 17.4440337 ,  9.12607741,  6.58565926])
RS_vec=array([40.81437889, 32.38814234, 16.55238796, 12.28936625, 12.28936625])