
 input
[[5.570677093501104, 20.655944914861053, 21.47673705736542], [20.83510432704754, 7.4138218071583495, -6.937097562438005], [-12.14792360733166, -26.59722136095341, -13.640622325193206], [-30.0, -30.0, -13.181051669907625], [-29.05856624334132, 16.163046199455366, -17.793924962974344]]
 output
 [ 96.97168536 104.15730752  86.34520507  86.48106309  69.6422378 ]
最小値:69.64223779506824
入力値:[-29.05856624334132, 16.163046199455366, -17.793924962974344]
経過時間:29.76423215866089sec
num_evaluation of BBF = 5.0
 input
[[5.570677093501104, 20.655944914861053, 21.47673705736542], [20.83510432704754, 7.4138218071583495, -6.937097562438005], [-12.14792360733166, -26.59722136095341, -13.640622325193206], [-30.0, -30.0, -13.181051669907625], [-29.05856624334132, 16.163046199455366, -17.793924962974344], [-28.471449588714382, 22.80105754995862, -19.490743886444648], [-29.67971720865883, 3.1132824424073817, -17.032010103101605], [-14.469222588782122, 25.840861818151765, 19.72170474710518], [-14.032132190648218, 29.15120552421625, -29.077565348739952], [-27.756912222512007, 14.395559598641881, 28.555942949706093]]
 output
 [ 96.97168536 104.15730752  86.34520507  86.48106309  69.6422378
  87.37262316  93.83823198  75.53761907  73.98695245  89.47076356]
最小値:69.64223779506824
入力値:[-29.05856624334132, 16.163046199455366, -17.793924962974344]
経過時間:32.87556982040405sec
num_evaluation of BBF = 10.0
 input
[[29.831088656332128, 25.95344156031954, -22.312533124238595], [29.942430919448697, -15.834661382881434, -6.2051563622384265], [-6.7253555302795505, 10.18476220820881, 26.132344248361925], [3.2957283429783217, -20.264750146905186, -16.528983972004326], [30.0, -27.799302280198418, -2.569292914609772]]
 output
 [ 88.03989572  80.93493918  91.72315148  91.03126838 100.24193855]
最小値:80.93493918330417
入力値:[29.942430919448697, -15.834661382881434, -6.2051563622384265]
経過時間:30.806105613708496sec
num_evaluation of BBF = 5.0
 input
[[29.831088656332128, 25.95344156031954, -22.312533124238595], [29.942430919448697, -15.834661382881434, -6.2051563622384265], [-6.7253555302795505, 10.18476220820881, 26.132344248361925], [3.2957283429783217, -20.264750146905186, -16.528983972004326], [30.0, -27.799302280198418, -2.569292914609772], [15.28199671190169, -15.822250294719902, 0.10733141800791302], [5.300213131247958, -9.392934366577862, -6.7759909998316346], [-28.521356836163207, -16.031417525597245, -6.376662716521551], [28.38041297830747, -15.50611684967683, -5.918774851839576], [30.0, -17.183222780443117, -6.029245675873074]]
 output
 [ 88.03989572  80.93493918  91.72315148  91.03126838 100.24193855
  95.65389894  93.32271829  87.55500451  86.34823342  79.66540087]
最小値:79.66540087457876
入力値:[30.0, -17.183222780443117, -6.029245675873074]
経過時間:33.558088064193726sec
num_evaluation of BBF = 10.0