
 input_history 
[[2.9288102356394887, 12.91136198234517, 6.16580256429863], [2.692990979813814, -4.580712039665716, 8.753646783999365], [-3.744767324238449, 23.50638004692479, 27.81976563006176], [-6.993508870453336, 17.50350228495988, 1.7336951851742697], [4.082673665635937, 25.535798297559666, -25.737836508126783]]
最小値:84.43731349107111
入力値:[-3.744767324238449, 23.50638004692479, 27.81976563006176]
経過時間:29.29482936859131sec
num_evaluation of BBF = 5.0
 input_history 
[[-24.77224201790756, -28.786896153580457, 19.957190732876278], [16.689405056991028, 22.200728894809153, 28.71710053396584], [17.949513853003417, -2.311238264824091, 16.83175057718733], [-22.903534447864008, 8.395261279651429, -21.398802755457215], [26.680135022975037, 1.3108993050043019, -5.120283600568584]]
最小値:84.43731349107111
入力値:[-3.744767324238449, 23.50638004692479, 27.81976563006176]
経過時間:31.1428279876709sec
num_evaluation of BBF = 10.0
 input_history 
[[-4.978679717845559, 13.219469606529486, -29.993137510959308], [-11.860045642089613, -21.194646550973218, -24.45968431387213], [-18.824387317339745, -9.266356377417136, -6.193951546159802], [2.3290040402014185, -4.848329135802313, 11.113170023805573], [-17.732865016108953, 22.687046183456722, -28.35674440812443]]
最小値:83.67916528875412
入力値:[-17.732865016108953, 22.687046183456722, -28.35674440812443]
経過時間:34.374391317367554sec
num_evaluation of BBF = 5.0
 input_history 
[[10.22805061070413, -4.961711857972382, 3.521389706745097], [-21.576783684285974, -18.113910654907272, 18.0446741205322], [28.09569454316385, -11.194549310445431, 11.539356940158846], [22.583349137762298, 23.67639981023084, -24.897347317813328], [-27.656713006027058, -19.810174826125866, 22.68855020576479]]
最小値:80.32484752875462
入力値:[22.583349137762298, 23.67639981023084, -24.897347317813328]
経過時間:31.964132070541382sec
num_evaluation of BBF = 10.0