w=0.65w=0.4
position_history=[[2.9288102356394887, 12.91136198234517, 6.16580256429863],
 [-3.744767324238449, 23.50638004692479, 27.81976563006176],
 [4.082673665635937, 25.535798297559666, -25.737836508126783],
 [1.4085312647627357, 26.372062783224457, 12.563798493107718],
 [-3.896293349764938, 23.885622596432253, 27.857329025740537],
 [-6.036344544280597, 22.408047988842586, 30.0]]
最小値:83.74533933238126
入力値:[-3.89629335 23.8856226  27.85732903]
経過時間:35.74480485916138sec
num_evaluation of BBF = 6.0w=0.65w=0.4
position_history=[[-4.978679717845559, 13.219469606529486, -29.993137510959308],
 [-18.824387317339745, -9.266356377417136, -6.193951546159802],
 [-17.732865016108953, 22.687046183456722, -28.35674440812443],
 [-27.59090665696747, 29.699766450495837, -30.0],
 [-18.559230038366955, 17.54023941778703, -30.0],
 [-17.51125725287703, 22.579542426533987, -28.280447631144956]]
最小値:76.50173113932226
入力値:[-27.59090666  29.69976645 -30.        ]
経過時間:35.360469818115234sec
num_evaluation of BBF = 6.0