w=0.65w=0.4
position_history=[[2.9288102356394887, 12.91136198234517, 6.16580256429863],
 [-3.744767324238449, 23.50638004692479, 27.81976563006176],
 [4.082673665635937, 25.535798297559666, -25.737836508126783],
 [1.4085312647627357, 26.372062783224457, 12.563798493107718],
 [-3.896293349764938, 23.885622596432253, 27.857329025740537],
 [-6.036344544280597, 22.408047988842586, 30.0]]
最小値:5.077270204130777
入力値:[-3.74476732 23.50638005 27.81976563]
経過時間:23.024009943008423sec
num_evaluation of BBF = 6.0