current_best_fitness=18.027349803478895,  best_fitness=inf
Generation 1: Best Fitness = 18.027349803478895, Best Individual = [ 2.69299098 -4.58071204  8.75364678]
Generation 2: Best Fitness = 18.027349803478895, Best Individual = [ 2.69299098 -4.58071204  8.75364678]
gene_history=array([[  2.92881024,  12.91136198,   6.16580256],
       [  2.69299098,  -4.58071204,   8.75364678],
       [ -3.74476732,  23.50638005,  27.81976563],
       [ -6.99350887,  17.50350228,   1.73369519],
       [  4.08267367,  25.5357983 , -25.73783651],
       [ -2.66169801,  -7.39281239,   8.56997926],
       [ -7.64152884,  -9.65044496,   2.77462776],
       [ -8.98442483,  12.65715385,   2.94356283],
       [  8.05644348,  14.7477588 ,   4.95196765],
       [  4.08267367,  25.5357983 , -25.73783651]])
最小値（目的関数）:18.027349803478895
入力値:[ 2.69299098 -4.58071204  8.75364678]
経過時間:39.72383093833923sec
num_evaluation of BBF = 10.0current_best_fitness=18.027349803478895,  best_fitness=inf
Generation 1: Best Fitness = 18.027349803478895, Best Individual = [ 2.69299098 -4.58071204  8.75364678]
Generation 2: Best Fitness = 18.027349803478895, Best Individual = [ 2.69299098 -4.58071204  8.75364678]current_best_fitness=12.93611327200086,  best_fitness=18.027349803478895
Generation 3: Best Fitness = 12.93611327200086, Best Individual = [3.01387516 1.07826698 6.84397113]
gene_history=array([[  2.92881024,  12.91136198,   6.16580256],
       [  2.69299098,  -4.58071204,   8.75364678],
       [ -3.74476732,  23.50638005,  27.81976563],
       [ -6.99350887,  17.50350228,   1.73369519],
       [  4.08267367,  25.5357983 , -25.73783651],
       [-24.77224202, -28.78689615,  19.95719073],
       [ 16.68940506,  22.20072889,  28.71710053],
       [ 17.94951385,  -2.31123826,  16.83175058],
       [-22.90353445,   8.39526128, -21.39880276],
       [ 26.68013502,   1.31089931,  -5.1202836 ],
       [  5.92291472,  25.06326498,  -0.60938926],
       [ -6.45651719, -15.20954825,  10.05012064],
       [ 14.86048032,  15.6936307 ,   6.4800249 ],
       [  7.36955367,   6.9082224 ,   4.35132131],
       [  8.44069894,  -5.80096181,   3.74844343],
       [ 24.46071393,  -4.12733561,  -0.03443198],
       [ 26.97309931,  -2.85920353,  12.80589963],
       [ 21.35120273,   2.97886676,   6.81283846],
       [-22.90353445,   8.39526128, -21.39880276],
       [ 26.68013502,   1.31089931,  -5.1202836 ],
       [ -7.32066394,  -1.07303996,   6.65487898],
       [ 13.45956964, -11.28838676,   2.47408627],
       [ -6.45651719, -15.20954825,  10.05012064],
       [ -6.45651719, -15.20954825,  10.05012064],
       [  8.66481162,   6.75150661,   4.02407476],
       [  8.28448648,   3.2745411 ,   4.30875443],
       [ 15.84679009,   3.61716012,   7.31438195],
       [  3.01387516,   1.07826698,   6.84397113],
       [-22.90353445,   8.39526128, -21.39880276],
       [ 26.68013502,   1.31089931,  -5.1202836 ]])
最小値（目的関数）:12.93611327200086
入力値:[3.01387516 1.07826698 6.84397113]
経過時間:147.19425559043884sec
num_evaluation of BBF = 30.0current_best_fitness=18.027349803478895,  best_fitness=inf
Generation 1: Best Fitness = 18.027349803478895, Best Individual = [ 2.69299098 -4.58071204  8.75364678]
Generation 2: Best Fitness = 18.027349803478895, Best Individual = [ 2.69299098 -4.58071204  8.75364678]current_best_fitness=12.93611327200086,  best_fitness=18.027349803478895
Generation 3: Best Fitness = 12.93611327200086, Best Individual = [3.01387516 1.07826698 6.84397113]
Generation 4: Best Fitness = 12.93611327200086, Best Individual = [3.01387516 1.07826698 6.84397113]
Generation 5: Best Fitness = 12.93611327200086, Best Individual = [3.01387516 1.07826698 6.84397113]
gene_history=array([[  2.92881024,  12.91136198,   6.16580256],
       [  2.69299098,  -4.58071204,   8.75364678],
       [ -3.74476732,  23.50638005,  27.81976563],
       [ -6.99350887,  17.50350228,   1.73369519],
       [  4.08267367,  25.5357983 , -25.73783651],
       [-24.77224202, -28.78689615,  19.95719073],
       [ 16.68940506,  22.20072889,  28.71710053],
       [ 17.94951385,  -2.31123826,  16.83175058],
       [-22.90353445,   8.39526128, -21.39880276],
       [ 26.68013502,   1.31089931,  -5.1202836 ],
       [  5.92291472,  25.06326498,  -0.60938926],
       [ -6.45651719, -15.20954825,  10.05012064],
       [ 14.86048032,  15.6936307 ,   6.4800249 ],
       [  7.36955367,   6.9082224 ,   4.35132131],
       [  8.44069894,  -5.80096181,   3.74844343],
       [ 24.46071393,  -4.12733561,  -0.03443198],
       [ 26.97309931,  -2.85920353,  12.80589963],
       [ 21.35120273,   2.97886676,   6.81283846],
       [-22.90353445,   8.39526128, -21.39880276],
       [ 26.68013502,   1.31089931,  -5.1202836 ],
       [ -7.32066394,  -1.07303996,   6.65487898],
       [ 13.45956964, -11.28838676,   2.47408627],
       [ -6.45651719, -15.20954825,  10.05012064],
       [ -6.45651719, -15.20954825,  10.05012064],
       [  8.66481162,   6.75150661,   4.02407476],
       [  8.28448648,   3.2745411 ,   4.30875443],
       [ 15.84679009,   3.61716012,   7.31438195],
       [  3.01387516,   1.07826698,   6.84397113],
       [-22.90353445,   8.39526128, -21.39880276],
       [ 26.68013502,   1.31089931,  -5.1202836 ],
       [ -7.32066394,  -1.07303996,   6.65487898],
       [ -7.32066394,  -1.07303996,   6.65487898],
       [ -5.06212447,  -0.42980387,   6.6744806 ],
       [  3.53514471,   1.83644318,   6.68336015],
       [  8.81912525,   1.63305453,   4.1854686 ],
       [  8.32600432,   7.67540587,   4.02442931],
       [ -6.58197085,  23.52297948,   7.89175227],
       [ -6.45282811,   1.17755571,   7.53108066],
       [-22.90353445,   8.39526128, -21.39880276],
       [ 26.68013502,   1.31089931,  -5.1202836 ],
       [ -7.32066394,  -1.07303996,   6.65487898],
       [ -7.32066394,  -1.07303996,   6.65487898],
       [ -7.32066394,  -1.07303996,   6.65487898],
       [ -7.32066394,  -1.07303996,   6.65487898],
       [ -3.24612334,   0.23143149,   7.79890584],
       [ -7.49331403,  -0.40017933,   3.17626819],
       [  3.53514471,   1.83644318,   6.68336015],
       [  3.53514471,   1.83644318,   6.68336015],
       [-22.90353445,   8.39526128, -21.39880276],
       [ 26.68013502,   1.31089931,  -5.1202836 ]])
最小値（目的関数）:12.93611327200086
入力値:[3.01387516 1.07826698 6.84397113]
経過時間:204.2443823814392sec
num_evaluation of BBF = 50.0current_best_fitness=18.027349803478895,  best_fitness=inf
Generation 1: Best Fitness = 18.027349803478895, Best Individual = [ 2.69299098 -4.58071204  8.75364678]
Generation 2: Best Fitness = 18.027349803478895, Best Individual = [ 2.69299098 -4.58071204  8.75364678]current_best_fitness=12.93611327200086,  best_fitness=18.027349803478895
Generation 3: Best Fitness = 12.93611327200086, Best Individual = [3.01387516 1.07826698 6.84397113]
Generation 4: Best Fitness = 12.93611327200086, Best Individual = [3.01387516 1.07826698 6.84397113]
Generation 5: Best Fitness = 12.93611327200086, Best Individual = [3.01387516 1.07826698 6.84397113]current_best_fitness=10.084630500786806,  best_fitness=12.93611327200086
Generation 6: Best Fitness = 10.084630500786806, Best Individual = [-3.16716921 -1.0504644   3.86699689]
Generation 7: Best Fitness = 10.084630500786806, Best Individual = [-3.16716921 -1.0504644   3.86699689]current_best_fitness=7.377255866204073,  best_fitness=10.084630500786806
Generation 8: Best Fitness = 7.377255866204073, Best Individual = [ 0.84311697 -0.6666317   3.86750719]current_best_fitness=7.013771809001261,  best_fitness=7.377255866204073
Generation 9: Best Fitness = 7.013771809001261, Best Individual = [ 1.1614244  -0.67462995  3.17771746]
Generation 10: Best Fitness = 7.013771809001261, Best Individual = [ 1.1614244  -0.67462995  3.17771746]
gene_history=array([[  2.92881024,  12.91136198,   6.16580256],
       [  2.69299098,  -4.58071204,   8.75364678],
       [ -3.74476732,  23.50638005,  27.81976563],
       [ -6.99350887,  17.50350228,   1.73369519],
       [  4.08267367,  25.5357983 , -25.73783651],
       [-24.77224202, -28.78689615,  19.95719073],
       [ 16.68940506,  22.20072889,  28.71710053],
       [ 17.94951385,  -2.31123826,  16.83175058],
       [-22.90353445,   8.39526128, -21.39880276],
       [ 26.68013502,   1.31089931,  -5.1202836 ],
       [  5.92291472,  25.06326498,  -0.60938926],
       [ -6.45651719, -15.20954825,  10.05012064],
       [ 14.86048032,  15.6936307 ,   6.4800249 ],
       [  7.36955367,   6.9082224 ,   4.35132131],
       [  8.44069894,  -5.80096181,   3.74844343],
       [ 24.46071393,  -4.12733561,  -0.03443198],
       [ 26.97309931,  -2.85920353,  12.80589963],
       [ 21.35120273,   2.97886676,   6.81283846],
       [-22.90353445,   8.39526128, -21.39880276],
       [ 26.68013502,   1.31089931,  -5.1202836 ],
       [ -7.32066394,  -1.07303996,   6.65487898],
       [ 13.45956964, -11.28838676,   2.47408627],
       [ -6.45651719, -15.20954825,  10.05012064],
       [ -6.45651719, -15.20954825,  10.05012064],
       [  8.66481162,   6.75150661,   4.02407476],
       [  8.28448648,   3.2745411 ,   4.30875443],
       [ 15.84679009,   3.61716012,   7.31438195],
       [  3.01387516,   1.07826698,   6.84397113],
       [-22.90353445,   8.39526128, -21.39880276],
       [ 26.68013502,   1.31089931,  -5.1202836 ],
       [ -7.32066394,  -1.07303996,   6.65487898],
       [ -7.32066394,  -1.07303996,   6.65487898],
       [ -5.06212447,  -0.42980387,   6.6744806 ],
       [  3.53514471,   1.83644318,   6.68336015],
       [  8.81912525,   1.63305453,   4.1854686 ],
       [  8.32600432,   7.67540587,   4.02442931],
       [ -6.58197085,  23.52297948,   7.89175227],
       [ -6.45282811,   1.17755571,   7.53108066],
       [-22.90353445,   8.39526128, -21.39880276],
       [ 26.68013502,   1.31089931,  -5.1202836 ],
       [ -7.32066394,  -1.07303996,   6.65487898],
       [ -7.32066394,  -1.07303996,   6.65487898],
       [ -7.32066394,  -1.07303996,   6.65487898],
       [ -7.32066394,  -1.07303996,   6.65487898],
       [ -3.24612334,   0.23143149,   7.79890584],
       [ -7.49331403,  -0.40017933,   3.17626819],
       [  3.53514471,   1.83644318,   6.68336015],
       [  3.53514471,   1.83644318,   6.68336015],
       [-22.90353445,   8.39526128, -21.39880276],
       [ 26.68013502,   1.31089931,  -5.1202836 ],
       [ -9.44334094,  -1.30068695,   3.20181753],
       [ -3.16716921,  -1.0504644 ,   3.86699689],
       [  3.31672665,   1.52561743,   5.78824106],
       [  8.83179923,  -0.60181672,   3.81945564],
       [ -7.34613242,  11.78894584,   5.21945148],
       [ -7.48202283,  -1.36878205,   6.37893351],
       [ -9.29368604,  -0.75297727,   7.29676319],
       [ -1.84357306,  -1.49178953,   7.01168339],
       [-22.90353445,   8.39526128, -21.39880276],
       [ 26.68013502,   1.31089931,  -5.1202836 ],
       [ -4.30721733,  -1.22699303,   4.19862605],
       [ -8.16434506,  -1.06477379,   3.71744155],
       [  3.96748032,   2.89084721,   7.35374234],
       [  3.46701496,   1.21330662,   5.99744522],
       [ -3.16716921,  -1.0504644 ,   3.86699689],
       [ -3.16716921,  -1.0504644 ,   3.86699689],
       [ 13.84115073,  -1.16951711,   3.80585923],
       [  4.98480331,  -0.60594601,   3.87632928],
       [-22.90353445,   8.39526128, -21.39880276],
       [ 26.68013502,   1.31089931,  -5.1202836 ],
       [  3.59017795,  -0.53185879,   4.93675113],
       [ -1.49019135,  -0.53019623, -15.13889865],
       [  0.84311697,  -0.6666317 ,   3.86750719],
       [  1.30630415,  -1.16836819,   3.86531418],
       [ -3.16716921,  -1.0504644 ,   3.86699689],
       [ -3.16716921,  -1.0504644 ,   3.86699689],
       [  5.51780306,   1.06503479,   6.77593808],
       [ -0.30138015,  -0.98099285,   5.27612079],
       [-22.90353445,   8.39526128, -21.39880276],
       [ 26.68013502,   1.31089931,  -5.1202836 ],
       [ -0.16347761,  -0.99408942,   4.33965335],
       [ -0.54911995,  -1.22187856,   5.46612572],
       [ -3.16716921,  -1.0504644 ,   3.86699689],
       [ -3.16716921,  -1.0504644 ,   3.86699689],
       [  1.1614244 ,  -0.67462995,   3.17771746],
       [  0.71529461,  -0.56005862,   5.16471568],
       [  0.775497  ,  -0.93403906,   3.8648331 ],
       [  0.9440874 ,  -0.47886481,   3.86826732],
       [-22.90353445,   8.39526128, -21.39880276],
       [ 26.68013502,   1.31089931,  -5.1202836 ],
       [ -0.17978688,  -0.49837615,   4.5541508 ],
       [  0.3986068 ,  -0.84732195,   4.00207766],
       [  0.96445291,  -0.48599996,   4.04696283],
       [  1.04685593,  -0.45587389,   5.03747722],
       [  0.19479227,  -0.9992182 , -21.81857956],
       [  0.78280234,  -0.95156445,   4.09808074],
       [ -0.94320256,  -0.42725423,   4.6403251 ],
       [  1.25501762,  -1.39304123, -26.34029959],
       [-22.90353445,   8.39526128, -21.39880276],
       [ 26.68013502,   1.31089931,  -5.1202836 ]])
最小値（目的関数）:7.013771809001261
入力値:[ 1.1614244  -0.67462995  3.17771746]
経過時間:414.9464867115021sec
num_evaluation of BBF = 100.0current_best_fitness=18.027349803478895,  best_fitness=inf
Generation 1: Best Fitness = 18.027349803478895, Best Individual = [ 2.69299098 -4.58071204  8.75364678]
Generation 2: Best Fitness = 18.027349803478895, Best Individual = [ 2.69299098 -4.58071204  8.75364678]current_best_fitness=12.93611327200086,  best_fitness=18.027349803478895
Generation 3: Best Fitness = 12.93611327200086, Best Individual = [3.01387516 1.07826698 6.84397113]
Generation 4: Best Fitness = 12.93611327200086, Best Individual = [3.01387516 1.07826698 6.84397113]
Generation 5: Best Fitness = 12.93611327200086, Best Individual = [3.01387516 1.07826698 6.84397113]current_best_fitness=10.084630500786806,  best_fitness=12.93611327200086
Generation 6: Best Fitness = 10.084630500786806, Best Individual = [-3.16716921 -1.0504644   3.86699689]
Generation 7: Best Fitness = 10.084630500786806, Best Individual = [-3.16716921 -1.0504644   3.86699689]current_best_fitness=7.377255866204073,  best_fitness=10.084630500786806
Generation 8: Best Fitness = 7.377255866204073, Best Individual = [ 0.84311697 -0.6666317   3.86750719]current_best_fitness=7.013771809001261,  best_fitness=7.377255866204073
Generation 9: Best Fitness = 7.013771809001261, Best Individual = [ 1.1614244  -0.67462995  3.17771746]
Generation 10: Best Fitness = 7.013771809001261, Best Individual = [ 1.1614244  -0.67462995  3.17771746]
Generation 11: Best Fitness = 7.013771809001261, Best Individual = [ 1.1614244  -0.67462995  3.17771746]current_best_fitness=6.912871937229674,  best_fitness=7.013771809001261
Generation 12: Best Fitness = 6.912871937229674, Best Individual = [-0.06018637 -0.95068639  3.90199918]current_best_fitness=6.637423874095331,  best_fitness=6.912871937229674
Generation 13: Best Fitness = 6.637423874095331, Best Individual = [ 0.1874674  -0.65713249  3.79282398]current_best_fitness=6.457879824082092,  best_fitness=6.637423874095331
Generation 14: Best Fitness = 6.457879824082092, Best Individual = [ 0.03253838 -0.63239874  3.79294271]current_best_fitness=4.162504442740789,  best_fitness=6.457879824082092
Generation 15: Best Fitness = 4.162504442740789, Best Individual = [ 0.65779825 -0.7147514  -0.78995479]
gene_history=array([[ 2.92881024e+00,  1.29113620e+01,  6.16580256e+00],
       [ 2.69299098e+00, -4.58071204e+00,  8.75364678e+00],
       [-3.74476732e+00,  2.35063800e+01,  2.78197656e+01],
       [-6.99350887e+00,  1.75035023e+01,  1.73369519e+00],
       [ 4.08267367e+00,  2.55357983e+01, -2.57378365e+01],
       [-2.47722420e+01, -2.87868962e+01,  1.99571907e+01],
       [ 1.66894051e+01,  2.22007289e+01,  2.87171005e+01],
       [ 1.79495139e+01, -2.31123826e+00,  1.68317506e+01],
       [-2.29035344e+01,  8.39526128e+00, -2.13988028e+01],
       [ 2.66801350e+01,  1.31089931e+00, -5.12028360e+00],
       [ 5.92291472e+00,  2.50632650e+01, -6.09389263e-01],
       [-6.45651719e+00, -1.52095483e+01,  1.00501206e+01],
       [ 1.48604803e+01,  1.56936307e+01,  6.48002490e+00],
       [ 7.36955367e+00,  6.90822240e+00,  4.35132131e+00],
       [ 8.44069894e+00, -5.80096181e+00,  3.74844343e+00],
       [ 2.44607139e+01, -4.12733561e+00, -3.44319760e-02],
       [ 2.69730993e+01, -2.85920353e+00,  1.28058996e+01],
       [ 2.13512027e+01,  2.97886676e+00,  6.81283846e+00],
       [-2.29035344e+01,  8.39526128e+00, -2.13988028e+01],
       [ 2.66801350e+01,  1.31089931e+00, -5.12028360e+00],
       [-7.32066394e+00, -1.07303996e+00,  6.65487898e+00],
       [ 1.34595696e+01, -1.12883868e+01,  2.47408627e+00],
       [-6.45651719e+00, -1.52095483e+01,  1.00501206e+01],
       [-6.45651719e+00, -1.52095483e+01,  1.00501206e+01],
       [ 8.66481162e+00,  6.75150661e+00,  4.02407476e+00],
       [ 8.28448648e+00,  3.27454110e+00,  4.30875443e+00],
       [ 1.58467901e+01,  3.61716012e+00,  7.31438195e+00],
       [ 3.01387516e+00,  1.07826698e+00,  6.84397113e+00],
       [-2.29035344e+01,  8.39526128e+00, -2.13988028e+01],
       [ 2.66801350e+01,  1.31089931e+00, -5.12028360e+00],
       [-7.32066394e+00, -1.07303996e+00,  6.65487898e+00],
       [-7.32066394e+00, -1.07303996e+00,  6.65487898e+00],
       [-5.06212447e+00, -4.29803874e-01,  6.67448060e+00],
       [ 3.53514471e+00,  1.83644318e+00,  6.68336015e+00],
       [ 8.81912525e+00,  1.63305453e+00,  4.18546860e+00],
       [ 8.32600432e+00,  7.67540587e+00,  4.02442931e+00],
       [-6.58197085e+00,  2.35229795e+01,  7.89175227e+00],
       [-6.45282811e+00,  1.17755571e+00,  7.53108066e+00],
       [-2.29035344e+01,  8.39526128e+00, -2.13988028e+01],
       [ 2.66801350e+01,  1.31089931e+00, -5.12028360e+00],
       [-7.32066394e+00, -1.07303996e+00,  6.65487898e+00],
       [-7.32066394e+00, -1.07303996e+00,  6.65487898e+00],
       [-7.32066394e+00, -1.07303996e+00,  6.65487898e+00],
       [-7.32066394e+00, -1.07303996e+00,  6.65487898e+00],
       [-3.24612334e+00,  2.31431486e-01,  7.79890584e+00],
       [-7.49331403e+00, -4.00179326e-01,  3.17626819e+00],
       [ 3.53514471e+00,  1.83644318e+00,  6.68336015e+00],
       [ 3.53514471e+00,  1.83644318e+00,  6.68336015e+00],
       [-2.29035344e+01,  8.39526128e+00, -2.13988028e+01],
       [ 2.66801350e+01,  1.31089931e+00, -5.12028360e+00],
       [-9.44334094e+00, -1.30068695e+00,  3.20181753e+00],
       [-3.16716921e+00, -1.05046440e+00,  3.86699689e+00],
       [ 3.31672665e+00,  1.52561743e+00,  5.78824106e+00],
       [ 8.83179923e+00, -6.01816718e-01,  3.81945564e+00],
       [-7.34613242e+00,  1.17889458e+01,  5.21945148e+00],
       [-7.48202283e+00, -1.36878205e+00,  6.37893351e+00],
       [-9.29368604e+00, -7.52977273e-01,  7.29676319e+00],
       [-1.84357306e+00, -1.49178953e+00,  7.01168339e+00],
       [-2.29035344e+01,  8.39526128e+00, -2.13988028e+01],
       [ 2.66801350e+01,  1.31089931e+00, -5.12028360e+00],
       [-4.30721733e+00, -1.22699303e+00,  4.19862605e+00],
       [-8.16434506e+00, -1.06477379e+00,  3.71744155e+00],
       [ 3.96748032e+00,  2.89084721e+00,  7.35374234e+00],
       [ 3.46701496e+00,  1.21330662e+00,  5.99744522e+00],
       [-3.16716921e+00, -1.05046440e+00,  3.86699689e+00],
       [-3.16716921e+00, -1.05046440e+00,  3.86699689e+00],
       [ 1.38411507e+01, -1.16951711e+00,  3.80585923e+00],
       [ 4.98480331e+00, -6.05946005e-01,  3.87632928e+00],
       [-2.29035344e+01,  8.39526128e+00, -2.13988028e+01],
       [ 2.66801350e+01,  1.31089931e+00, -5.12028360e+00],
       [ 3.59017795e+00, -5.31858788e-01,  4.93675113e+00],
       [-1.49019135e+00, -5.30196229e-01, -1.51388987e+01],
       [ 8.43116969e-01, -6.66631705e-01,  3.86750719e+00],
       [ 1.30630415e+00, -1.16836819e+00,  3.86531418e+00],
       [-3.16716921e+00, -1.05046440e+00,  3.86699689e+00],
       [-3.16716921e+00, -1.05046440e+00,  3.86699689e+00],
       [ 5.51780306e+00,  1.06503479e+00,  6.77593808e+00],
       [-3.01380151e-01, -9.80992853e-01,  5.27612079e+00],
       [-2.29035344e+01,  8.39526128e+00, -2.13988028e+01],
       [ 2.66801350e+01,  1.31089931e+00, -5.12028360e+00],
       [-1.63477605e-01, -9.94089416e-01,  4.33965335e+00],
       [-5.49119947e-01, -1.22187856e+00,  5.46612572e+00],
       [-3.16716921e+00, -1.05046440e+00,  3.86699689e+00],
       [-3.16716921e+00, -1.05046440e+00,  3.86699689e+00],
       [ 1.16142440e+00, -6.74629945e-01,  3.17771746e+00],
       [ 7.15294612e-01, -5.60058619e-01,  5.16471568e+00],
       [ 7.75496996e-01, -9.34039063e-01,  3.86483310e+00],
       [ 9.44087400e-01, -4.78864810e-01,  3.86826732e+00],
       [-2.29035344e+01,  8.39526128e+00, -2.13988028e+01],
       [ 2.66801350e+01,  1.31089931e+00, -5.12028360e+00],
       [-1.79786884e-01, -4.98376150e-01,  4.55415080e+00],
       [ 3.98606803e-01, -8.47321949e-01,  4.00207766e+00],
       [ 9.64452914e-01, -4.85999958e-01,  4.04696283e+00],
       [ 1.04685593e+00, -4.55873892e-01,  5.03747722e+00],
       [ 1.94792271e-01, -9.99218199e-01, -2.18185796e+01],
       [ 7.82802343e-01, -9.51564453e-01,  4.09808074e+00],
       [-9.43202557e-01, -4.27254228e-01,  4.64032510e+00],
       [ 1.25501762e+00, -1.39304123e+00, -2.63402996e+01],
       [-2.29035344e+01,  8.39526128e+00, -2.13988028e+01],
       [ 2.66801350e+01,  1.31089931e+00, -5.12028360e+00],
       [ 1.46610108e+00, -4.97989207e-01,  3.80707175e+00],
       [ 3.55151778e-01, -4.98224819e-01,  4.62892824e+00],
       [-2.19211272e-01, -4.96875432e-01,  4.59597092e+00],
       [ 8.84683958e-01, -4.90751147e-01,  4.50845120e+00],
       [-3.61066452e-01,  1.20513390e+01,  3.83927307e+00],
       [-4.14623867e-02, -1.12637894e+00,  3.88234935e+00],
       [ 9.64452914e-01, -4.85999958e-01,  4.04696283e+00],
       [ 9.64452914e-01,  2.80232951e+01,  4.04696283e+00],
       [-2.29035344e+01,  8.39526128e+00, -2.13988028e+01],
       [ 2.66801350e+01,  1.31089931e+00, -5.12028360e+00],
       [ 1.14901939e+00, -1.31251814e+00,  3.59195874e+00],
       [ 5.89401421e-01, -8.90520933e-01,  4.56942006e+00],
       [ 1.64012838e+00, -4.96810576e-01,  3.87347557e+00],
       [ 1.20150383e+00, -4.89880843e-01, -6.04665698e+00],
       [-6.01863651e-02, -9.50686391e-01,  3.90199918e+00],
       [ 2.77266223e-02, -1.27047427e+00,  4.55353306e+00],
       [ 4.94280080e-01, -6.05431146e-01,  4.14074693e+00],
       [-8.19242182e-02,  1.89852619e+01,  4.56453104e+00],
       [-2.29035344e+01,  8.39526128e+00, -2.13988028e+01],
       [ 2.66801350e+01,  1.31089931e+00, -5.12028360e+00],
       [-6.01863651e-02, -9.50686391e-01,  3.90199918e+00],
       [-6.01863651e-02, -9.50686391e-01,  3.90199918e+00],
       [ 1.87467404e-01, -6.57132488e-01,  3.79282398e+00],
       [-2.23957105e-01, -9.21562478e-01,  4.25199866e+00],
       [ 2.77266223e-02, -1.27047427e+00,  4.55353306e+00],
       [ 2.77266223e-02, -1.27047427e+00,  4.55353306e+00],
       [ 5.99799577e-01, -8.59011305e-01,  3.79445242e+00],
       [ 5.84138148e-01, -6.67206854e-01, -2.91449091e+01],
       [-2.29035344e+01,  8.39526128e+00, -2.13988028e+01],
       [ 2.66801350e+01,  1.31089931e+00, -5.12028360e+00],
       [ 5.89780823e-01, -7.89480916e-01, -1.06201335e+01],
       [ 5.91049454e-01, -6.87156888e-01, -9.92002211e+00],
       [ 4.28550151e-01, -6.90558271e-01,  3.79371112e+00],
       [ 3.25383775e-02, -6.32398740e-01,  3.79294271e+00],
       [ 2.35916922e-01, -7.89327631e-01,  4.57463319e+00],
       [ 4.76977310e-02,  2.16217238e+01,  4.40362326e+00],
       [-1.70544586e-02, -8.44868735e-01,  3.92368931e+00],
       [-1.72952259e-01, -6.31120280e-01,  3.94005593e+00],
       [-2.29035344e+01,  8.39526128e+00, -2.13988028e+01],
       [ 2.66801350e+01,  1.31089931e+00, -5.12028360e+00],
       [-1.16837511e-01, -6.31096015e-01,  3.75637251e+00],
       [ 1.24226572e-01, -6.32655714e-01,  3.92520806e+00],
       [ 1.08187878e-01, -6.97893676e-01,  3.79315918e+00],
       [ 6.03872321e-01, -7.06288404e-01,  3.79260936e+00],
       [ 6.04651808e-01, -6.76709949e-01, -3.82271207e+00],
       [ 6.57798253e-01, -7.14751402e-01, -7.89954788e-01],
       [ 6.91925883e-01, -9.23372587e-01, -1.13957660e+01],
       [ 2.81174146e-02, -7.82813302e-01, -1.34142942e+01],
       [-2.29035344e+01,  8.39526128e+00, -2.13988028e+01],
       [ 2.66801350e+01,  1.31089931e+00, -5.12028360e+00]])
最小値（目的関数）:4.162504442740789
入力値:[ 0.65779825 -0.7147514  -0.78995479]
経過時間:622.5098388195038sec
num_evaluation of BBF = 150.0current_best_fitness=20.290503199809304,  best_fitness=inf
Generation 1: Best Fitness = 20.290503199809304, Best Individual = [ 2.32900404 -4.84832914 11.11317002]
Generation 2: Best Fitness = 20.290503199809304, Best Individual = [ 2.32900404 -4.84832914 11.11317002]
gene_history=array([[ -4.97867972,  13.21946961, -29.99313751],
       [-11.86004564, -21.19464655, -24.45968431],
       [-18.82438732,  -9.26635638,  -6.19395155],
       [  2.32900404,  -4.84832914,  11.11317002],
       [-17.73286502,  22.68704618, -28.35674441],
       [  2.32900404,  -4.84832914,  11.11317002],
       [  2.32900404,  -4.84832914,  11.11317002],
       [-21.04334008,  -8.91618671,  -9.92813141],
       [  3.7384322 ,  -7.83015432, -13.66469826],
       [-17.73286502,  22.68704618, -28.35674441]])
最小値（目的関数）:20.290503199809304
入力値:[ 2.32900404 -4.84832914 11.11317002]
経過時間:41.790050745010376sec
num_evaluation of BBF = 10.0current_best_fitness=20.290503199809304,  best_fitness=inf
Generation 1: Best Fitness = 20.290503199809304, Best Individual = [ 2.32900404 -4.84832914 11.11317002]
Generation 2: Best Fitness = 20.290503199809304, Best Individual = [ 2.32900404 -4.84832914 11.11317002]current_best_fitness=15.426379457749452,  best_fitness=20.290503199809304
Generation 3: Best Fitness = 15.426379457749452, Best Individual = [-4.94327789 -4.96171186  3.52138971]
gene_history=array([[ -4.97867972,  13.21946961, -29.99313751],
       [-11.86004564, -21.19464655, -24.45968431],
       [-18.82438732,  -9.26635638,  -6.19395155],
       [  2.32900404,  -4.84832914,  11.11317002],
       [-17.73286502,  22.68704618, -28.35674441],
       [ 10.22805061,  -4.96171186,   3.52138971],
       [-21.57678368, -18.11391065,  18.04467412],
       [ 28.09569454, -11.19454931,  11.53935694],
       [ 22.58334914,  23.67639981, -24.89734732],
       [-27.65671301, -19.81017483,  22.68855021],
       [ 30.        , -10.50776096,  19.1590066 ],
       [ 19.97303053,  -9.76114719, -10.99095432],
       [ 10.76875276,  -7.49992187,   5.17300641],
       [-12.13412796,  -9.38098669, -28.42734079],
       [-15.22733594,  -4.96171186,   3.52138971],
       [ 10.22805061,  -4.96171186,   3.52138971],
       [ -1.71623509,  18.9841823 ,  -4.96716199],
       [-12.10086614,  18.03796036,  -0.44023403],
       [ 22.58334914,  23.67639981, -24.89734732],
       [-27.65671301, -19.81017483,  22.68855021],
       [ -1.71623509,  18.9841823 ,  -4.96716199],
       [ -1.71623509,  18.9841823 ,  -4.96716199],
       [ 10.55059033,  -4.96171186,   3.52138971],
       [-17.59416144,  -4.96171186,   3.52138971],
       [ 27.94360822,  -4.96171186,   3.52138971],
       [ -4.94327789,  -4.96171186,   3.52138971],
       [  3.94053977, -14.85857557,   0.38835724],
       [-19.75879304,  15.42451676,  -2.3203203 ],
       [ 22.58334914,  23.67639981, -24.89734732],
       [-27.65671301, -19.81017483,  22.68855021]])
最小値（目的関数）:15.426379457749452
入力値:[-4.94327789 -4.96171186  3.52138971]
経過時間:124.12964105606079sec
num_evaluation of BBF = 30.0current_best_fitness=20.290503199809304,  best_fitness=inf
Generation 1: Best Fitness = 20.290503199809304, Best Individual = [ 2.32900404 -4.84832914 11.11317002]
Generation 2: Best Fitness = 20.290503199809304, Best Individual = [ 2.32900404 -4.84832914 11.11317002]current_best_fitness=15.426379457749452,  best_fitness=20.290503199809304
Generation 3: Best Fitness = 15.426379457749452, Best Individual = [-4.94327789 -4.96171186  3.52138971]current_best_fitness=14.027451206740556,  best_fitness=15.426379457749452
Generation 4: Best Fitness = 14.027451206740556, Best Individual = [ -0.64288481 -10.53825242  -4.84631398]
Generation 5: Best Fitness = 14.027451206740556, Best Individual = [ -0.64288481 -10.53825242  -4.84631398]
gene_history=array([[ -4.97867972,  13.21946961, -29.99313751],
       [-11.86004564, -21.19464655, -24.45968431],
       [-18.82438732,  -9.26635638,  -6.19395155],
       [  2.32900404,  -4.84832914,  11.11317002],
       [-17.73286502,  22.68704618, -28.35674441],
       [ 10.22805061,  -4.96171186,   3.52138971],
       [-21.57678368, -18.11391065,  18.04467412],
       [ 28.09569454, -11.19454931,  11.53935694],
       [ 22.58334914,  23.67639981, -24.89734732],
       [-27.65671301, -19.81017483,  22.68855021],
       [ 30.        , -10.50776096,  19.1590066 ],
       [ 19.97303053,  -9.76114719, -10.99095432],
       [ 10.76875276,  -7.49992187,   5.17300641],
       [-12.13412796,  -9.38098669, -28.42734079],
       [-15.22733594,  -4.96171186,   3.52138971],
       [ 10.22805061,  -4.96171186,   3.52138971],
       [ -1.71623509,  18.9841823 ,  -4.96716199],
       [-12.10086614,  18.03796036,  -0.44023403],
       [ 22.58334914,  23.67639981, -24.89734732],
       [-27.65671301, -19.81017483,  22.68855021],
       [ -1.71623509,  18.9841823 ,  -4.96716199],
       [ -1.71623509,  18.9841823 ,  -4.96716199],
       [ 10.55059033,  -4.96171186,   3.52138971],
       [-17.59416144,  -4.96171186,   3.52138971],
       [ 27.94360822,  -4.96171186,   3.52138971],
       [ -4.94327789,  -4.96171186,   3.52138971],
       [  3.94053977, -14.85857557,   0.38835724],
       [-19.75879304,  15.42451676,  -2.3203203 ],
       [ 22.58334914,  23.67639981, -24.89734732],
       [-27.65671301, -19.81017483,  22.68855021],
       [-10.57655869,  -4.96171186,   3.52138971],
       [ 17.76506568,  -4.96171186,   3.52138971],
       [ 30.        ,  16.03468282,   0.45692769],
       [ -6.99738156,   5.42506028,  -3.35141623],
       [ -5.10437214,  11.44179406,  -3.91000051],
       [ -0.64288481, -10.53825242,  -4.84631398],
       [  2.10150871, -15.9875557 ,   1.95226786],
       [ 10.26749069, -15.68606346,   0.37603539],
       [ 22.58334914,  23.67639981, -24.89734732],
       [-27.65671301, -19.81017483,  22.68855021],
       [ -6.99738156,   5.42506028,  -3.35141623],
       [ -6.99738156,   5.42506028,  -3.35141623],
       [ -9.59241166,  -6.13787623,  -4.22287231],
       [ 13.14536182,  10.52172941,  -4.76437724],
       [  2.10150871, -15.9875557 ,   1.95226786],
       [  2.10150871, -15.9875557 ,   1.95226786],
       [  9.54194188,   1.75896542,  -1.82541324],
       [ 28.10090634,  10.34720236,  -1.46640585],
       [ 22.58334914,  23.67639981, -24.89734732],
       [-27.65671301, -19.81017483,  22.68855021]])
最小値（目的関数）:14.027451206740556
入力値:[ -0.64288481 -10.53825242  -4.84631398]
経過時間:208.65991234779358sec
num_evaluation of BBF = 50.0current_best_fitness=20.290503199809304,  best_fitness=inf
Generation 1: Best Fitness = 20.290503199809304, Best Individual = [ 2.32900404 -4.84832914 11.11317002]
Generation 2: Best Fitness = 20.290503199809304, Best Individual = [ 2.32900404 -4.84832914 11.11317002]current_best_fitness=15.426379457749452,  best_fitness=20.290503199809304
Generation 3: Best Fitness = 15.426379457749452, Best Individual = [-4.94327789 -4.96171186  3.52138971]current_best_fitness=14.027451206740556,  best_fitness=15.426379457749452
Generation 4: Best Fitness = 14.027451206740556, Best Individual = [ -0.64288481 -10.53825242  -4.84631398]
Generation 5: Best Fitness = 14.027451206740556, Best Individual = [ -0.64288481 -10.53825242  -4.84631398]
Generation 6: Best Fitness = 14.027451206740556, Best Individual = [ -0.64288481 -10.53825242  -4.84631398]current_best_fitness=9.140157885049456,  best_fitness=14.027451206740556
Generation 7: Best Fitness = 9.140157885049456, Best Individual = [ 3.85393402 -1.12927333 -2.15695054]
Generation 8: Best Fitness = 9.140157885049456, Best Individual = [ 3.85393402 -1.12927333 -2.15695054]current_best_fitness=7.9294618762045985,  best_fitness=9.140157885049456
Generation 9: Best Fitness = 7.9294618762045985, Best Individual = [ 1.61017801 -2.35432003 -1.96496384]current_best_fitness=7.455253107725698,  best_fitness=7.9294618762045985
Generation 10: Best Fitness = 7.455253107725698, Best Individual = [ 2.71210469 -0.87090655 -1.87224187]
gene_history=array([[ -4.97867972,  13.21946961, -29.99313751],
       [-11.86004564, -21.19464655, -24.45968431],
       [-18.82438732,  -9.26635638,  -6.19395155],
       [  2.32900404,  -4.84832914,  11.11317002],
       [-17.73286502,  22.68704618, -28.35674441],
       [ 10.22805061,  -4.96171186,   3.52138971],
       [-21.57678368, -18.11391065,  18.04467412],
       [ 28.09569454, -11.19454931,  11.53935694],
       [ 22.58334914,  23.67639981, -24.89734732],
       [-27.65671301, -19.81017483,  22.68855021],
       [ 30.        , -10.50776096,  19.1590066 ],
       [ 19.97303053,  -9.76114719, -10.99095432],
       [ 10.76875276,  -7.49992187,   5.17300641],
       [-12.13412796,  -9.38098669, -28.42734079],
       [-15.22733594,  -4.96171186,   3.52138971],
       [ 10.22805061,  -4.96171186,   3.52138971],
       [ -1.71623509,  18.9841823 ,  -4.96716199],
       [-12.10086614,  18.03796036,  -0.44023403],
       [ 22.58334914,  23.67639981, -24.89734732],
       [-27.65671301, -19.81017483,  22.68855021],
       [ -1.71623509,  18.9841823 ,  -4.96716199],
       [ -1.71623509,  18.9841823 ,  -4.96716199],
       [ 10.55059033,  -4.96171186,   3.52138971],
       [-17.59416144,  -4.96171186,   3.52138971],
       [ 27.94360822,  -4.96171186,   3.52138971],
       [ -4.94327789,  -4.96171186,   3.52138971],
       [  3.94053977, -14.85857557,   0.38835724],
       [-19.75879304,  15.42451676,  -2.3203203 ],
       [ 22.58334914,  23.67639981, -24.89734732],
       [-27.65671301, -19.81017483,  22.68855021],
       [-10.57655869,  -4.96171186,   3.52138971],
       [ 17.76506568,  -4.96171186,   3.52138971],
       [ 30.        ,  16.03468282,   0.45692769],
       [ -6.99738156,   5.42506028,  -3.35141623],
       [ -5.10437214,  11.44179406,  -3.91000051],
       [ -0.64288481, -10.53825242,  -4.84631398],
       [  2.10150871, -15.9875557 ,   1.95226786],
       [ 10.26749069, -15.68606346,   0.37603539],
       [ 22.58334914,  23.67639981, -24.89734732],
       [-27.65671301, -19.81017483,  22.68855021],
       [ -6.99738156,   5.42506028,  -3.35141623],
       [ -6.99738156,   5.42506028,  -3.35141623],
       [ -9.59241166,  -6.13787623,  -4.22287231],
       [ 13.14536182,  10.52172941,  -4.76437724],
       [  2.10150871, -15.9875557 ,   1.95226786],
       [  2.10150871, -15.9875557 ,   1.95226786],
       [  9.54194188,   1.75896542,  -1.82541324],
       [ 28.10090634,  10.34720236,  -1.46640585],
       [ 22.58334914,  23.67639981, -24.89734732],
       [-27.65671301, -19.81017483,  22.68855021],
       [ -7.86184559,   9.54432922,  -4.47095167],
       [ -8.54067542,  -8.31188173,  -4.1283876 ],
       [ 10.08244693,  -0.1848904 ,  -2.011958  ],
       [-11.75610257, -14.80354363,  -1.20372334],
       [ -6.9193839 ,  11.3828367 ,  -0.84144723],
       [ -3.24776155,  -6.99244771,  -4.62550886],
       [  7.67896276, -22.86278266,  -1.23191823],
       [ 12.97066953,   2.5255222 ,  -2.13267143],
       [ 22.58334914,  23.67639981, -24.89734732],
       [-27.65671301, -19.81017483,  22.68855021],
       [ -8.54067542,  -8.31188173,  -4.1283876 ],
       [ -8.54067542,  -8.31188173,  -4.1283876 ],
       [ -1.60268416, -13.77491355,  -4.59146527],
       [ -9.46738457,  15.34629606,  -4.59829957],
       [ 14.73374652,   2.50649969,  -3.26691497],
       [-15.75445788,  -9.39638072,  -4.82222139],
       [ 15.19527295,   8.97947714,  -3.49872839],
       [  3.85393402,  -1.12927333,  -2.15695054],
       [ 22.58334914,  23.67639981, -24.89734732],
       [-27.65671301, -19.81017483,  22.68855021],
       [ -1.90063406,  -9.10964241,  -1.77078784],
       [ -8.50004237,  -1.8371045 ,  -2.98392525],
       [ -8.54067542,  -8.31188173,  -4.1283876 ],
       [ -8.54067542,  -8.31188173,  12.95674197],
       [  3.85393402,  -1.12927333,  -2.15695054],
       [  3.85393402,  -1.12927333,  -2.15695054],
       [  3.85393402,  -1.12927333,  -2.15695054],
       [  3.85393402,  -1.12927333,  -2.15695054],
       [ 22.58334914,  23.67639981, -24.89734732],
       [-27.65671301, -19.81017483,  22.68855021],
       [  1.61017801,  -2.35432003,  -1.96496384],
       [ -4.68609949,  -1.73473549,  -1.95732276],
       [  3.85393402,  -1.12927333,  -2.15695054],
       [  3.85393402,  -1.12927333,  -2.15695054],
       [  9.60584728,  -1.32985906,  27.44566098],
       [ -3.03947311,  -1.4279988 ,  -2.46900737],
       [  3.85393402,  -1.12927333, -26.10768099],
       [ 28.32622262,  -1.12927333,  -2.15695054],
       [ 22.58334914,  23.67639981, -24.89734732],
       [-27.65671301, -19.81017483,  22.68855021],
       [-23.99769534,  -1.70320438, -24.11116357],
       [  1.45351762,  -0.61931064,  10.0002513 ],
       [  1.61017801,  -2.35432003,  -1.96496384],
       [  1.61017801,  -2.35432003,  -1.96496384],
       [  4.45107964,  -1.29419883,  -2.46470503],
       [ -5.16772107,  -1.51419052,  -1.28518676],
       [  2.26738979,  -1.15260294,  -2.13086682],
       [  2.71210469,  -0.87090655,  -1.87224187],
       [ 22.58334914,  23.67639981, -24.89734732],
       [-27.65671301, -19.81017483,  22.68855021]])
最小値（目的関数）:7.455253107725698
入力値:[ 2.71210469 -0.87090655 -1.87224187]
経過時間:417.8077256679535sec
num_evaluation of BBF = 100.0current_best_fitness=20.290503199809304,  best_fitness=inf
Generation 1: Best Fitness = 20.290503199809304, Best Individual = [ 2.32900404 -4.84832914 11.11317002]
Generation 2: Best Fitness = 20.290503199809304, Best Individual = [ 2.32900404 -4.84832914 11.11317002]current_best_fitness=15.426379457749452,  best_fitness=20.290503199809304
Generation 3: Best Fitness = 15.426379457749452, Best Individual = [-4.94327789 -4.96171186  3.52138971]current_best_fitness=14.027451206740556,  best_fitness=15.426379457749452
Generation 4: Best Fitness = 14.027451206740556, Best Individual = [ -0.64288481 -10.53825242  -4.84631398]
Generation 5: Best Fitness = 14.027451206740556, Best Individual = [ -0.64288481 -10.53825242  -4.84631398]
Generation 6: Best Fitness = 14.027451206740556, Best Individual = [ -0.64288481 -10.53825242  -4.84631398]current_best_fitness=9.140157885049456,  best_fitness=14.027451206740556
Generation 7: Best Fitness = 9.140157885049456, Best Individual = [ 3.85393402 -1.12927333 -2.15695054]
Generation 8: Best Fitness = 9.140157885049456, Best Individual = [ 3.85393402 -1.12927333 -2.15695054]current_best_fitness=7.9294618762045985,  best_fitness=9.140157885049456
Generation 9: Best Fitness = 7.9294618762045985, Best Individual = [ 1.61017801 -2.35432003 -1.96496384]current_best_fitness=7.455253107725698,  best_fitness=7.9294618762045985
Generation 10: Best Fitness = 7.455253107725698, Best Individual = [ 2.71210469 -0.87090655 -1.87224187]
Generation 11: Best Fitness = 7.455253107725698, Best Individual = [ 2.71210469 -0.87090655 -1.87224187]current_best_fitness=6.423567683140249,  best_fitness=7.455253107725698
Generation 12: Best Fitness = 6.423567683140249, Best Individual = [ 2.00343906 -0.53065261 -1.88947602]
Generation 13: Best Fitness = 6.423567683140249, Best Individual = [ 2.00343906 -0.53065261 -1.88947602]current_best_fitness=6.147946344677359,  best_fitness=6.423567683140249
Generation 14: Best Fitness = 6.147946344677359, Best Individual = [ 1.95673076 -0.34065199 -1.8505636 ]current_best_fitness=6.1029489526349305,  best_fitness=6.147946344677359
Generation 15: Best Fitness = 6.1029489526349305, Best Individual = [ 2.02097516 -0.24946544 -1.83250836]
gene_history=array([[ -4.97867972,  13.21946961, -29.99313751],
       [-11.86004564, -21.19464655, -24.45968431],
       [-18.82438732,  -9.26635638,  -6.19395155],
       [  2.32900404,  -4.84832914,  11.11317002],
       [-17.73286502,  22.68704618, -28.35674441],
       [ 10.22805061,  -4.96171186,   3.52138971],
       [-21.57678368, -18.11391065,  18.04467412],
       [ 28.09569454, -11.19454931,  11.53935694],
       [ 22.58334914,  23.67639981, -24.89734732],
       [-27.65671301, -19.81017483,  22.68855021],
       [ 30.        , -10.50776096,  19.1590066 ],
       [ 19.97303053,  -9.76114719, -10.99095432],
       [ 10.76875276,  -7.49992187,   5.17300641],
       [-12.13412796,  -9.38098669, -28.42734079],
       [-15.22733594,  -4.96171186,   3.52138971],
       [ 10.22805061,  -4.96171186,   3.52138971],
       [ -1.71623509,  18.9841823 ,  -4.96716199],
       [-12.10086614,  18.03796036,  -0.44023403],
       [ 22.58334914,  23.67639981, -24.89734732],
       [-27.65671301, -19.81017483,  22.68855021],
       [ -1.71623509,  18.9841823 ,  -4.96716199],
       [ -1.71623509,  18.9841823 ,  -4.96716199],
       [ 10.55059033,  -4.96171186,   3.52138971],
       [-17.59416144,  -4.96171186,   3.52138971],
       [ 27.94360822,  -4.96171186,   3.52138971],
       [ -4.94327789,  -4.96171186,   3.52138971],
       [  3.94053977, -14.85857557,   0.38835724],
       [-19.75879304,  15.42451676,  -2.3203203 ],
       [ 22.58334914,  23.67639981, -24.89734732],
       [-27.65671301, -19.81017483,  22.68855021],
       [-10.57655869,  -4.96171186,   3.52138971],
       [ 17.76506568,  -4.96171186,   3.52138971],
       [ 30.        ,  16.03468282,   0.45692769],
       [ -6.99738156,   5.42506028,  -3.35141623],
       [ -5.10437214,  11.44179406,  -3.91000051],
       [ -0.64288481, -10.53825242,  -4.84631398],
       [  2.10150871, -15.9875557 ,   1.95226786],
       [ 10.26749069, -15.68606346,   0.37603539],
       [ 22.58334914,  23.67639981, -24.89734732],
       [-27.65671301, -19.81017483,  22.68855021],
       [ -6.99738156,   5.42506028,  -3.35141623],
       [ -6.99738156,   5.42506028,  -3.35141623],
       [ -9.59241166,  -6.13787623,  -4.22287231],
       [ 13.14536182,  10.52172941,  -4.76437724],
       [  2.10150871, -15.9875557 ,   1.95226786],
       [  2.10150871, -15.9875557 ,   1.95226786],
       [  9.54194188,   1.75896542,  -1.82541324],
       [ 28.10090634,  10.34720236,  -1.46640585],
       [ 22.58334914,  23.67639981, -24.89734732],
       [-27.65671301, -19.81017483,  22.68855021],
       [ -7.86184559,   9.54432922,  -4.47095167],
       [ -8.54067542,  -8.31188173,  -4.1283876 ],
       [ 10.08244693,  -0.1848904 ,  -2.011958  ],
       [-11.75610257, -14.80354363,  -1.20372334],
       [ -6.9193839 ,  11.3828367 ,  -0.84144723],
       [ -3.24776155,  -6.99244771,  -4.62550886],
       [  7.67896276, -22.86278266,  -1.23191823],
       [ 12.97066953,   2.5255222 ,  -2.13267143],
       [ 22.58334914,  23.67639981, -24.89734732],
       [-27.65671301, -19.81017483,  22.68855021],
       [ -8.54067542,  -8.31188173,  -4.1283876 ],
       [ -8.54067542,  -8.31188173,  -4.1283876 ],
       [ -1.60268416, -13.77491355,  -4.59146527],
       [ -9.46738457,  15.34629606,  -4.59829957],
       [ 14.73374652,   2.50649969,  -3.26691497],
       [-15.75445788,  -9.39638072,  -4.82222139],
       [ 15.19527295,   8.97947714,  -3.49872839],
       [  3.85393402,  -1.12927333,  -2.15695054],
       [ 22.58334914,  23.67639981, -24.89734732],
       [-27.65671301, -19.81017483,  22.68855021],
       [ -1.90063406,  -9.10964241,  -1.77078784],
       [ -8.50004237,  -1.8371045 ,  -2.98392525],
       [ -8.54067542,  -8.31188173,  -4.1283876 ],
       [ -8.54067542,  -8.31188173,  12.95674197],
       [  3.85393402,  -1.12927333,  -2.15695054],
       [  3.85393402,  -1.12927333,  -2.15695054],
       [  3.85393402,  -1.12927333,  -2.15695054],
       [  3.85393402,  -1.12927333,  -2.15695054],
       [ 22.58334914,  23.67639981, -24.89734732],
       [-27.65671301, -19.81017483,  22.68855021],
       [  1.61017801,  -2.35432003,  -1.96496384],
       [ -4.68609949,  -1.73473549,  -1.95732276],
       [  3.85393402,  -1.12927333,  -2.15695054],
       [  3.85393402,  -1.12927333,  -2.15695054],
       [  9.60584728,  -1.32985906,  27.44566098],
       [ -3.03947311,  -1.4279988 ,  -2.46900737],
       [  3.85393402,  -1.12927333, -26.10768099],
       [ 28.32622262,  -1.12927333,  -2.15695054],
       [ 22.58334914,  23.67639981, -24.89734732],
       [-27.65671301, -19.81017483,  22.68855021],
       [-23.99769534,  -1.70320438, -24.11116357],
       [  1.45351762,  -0.61931064,  10.0002513 ],
       [  1.61017801,  -2.35432003,  -1.96496384],
       [  1.61017801,  -2.35432003,  -1.96496384],
       [  4.45107964,  -1.29419883,  -2.46470503],
       [ -5.16772107,  -1.51419052,  -1.28518676],
       [  2.26738979,  -1.15260294,  -2.13086682],
       [  2.71210469,  -0.87090655,  -1.87224187],
       [ 22.58334914,  23.67639981, -24.89734732],
       [-27.65671301, -19.81017483,  22.68855021],
       [  1.61017801,  -2.35432003,  -1.96496384],
       [  1.61017801,  -2.35432003,  -1.96496384],
       [  1.96290904,  -2.76475494,  -2.11414647],
       [  2.10286094,  -1.39939056,  -2.18998631],
       [  2.71210469,  -0.87090655,  -1.87224187],
       [  2.71210469,  -0.87090655,  -1.87224187],
       [  2.94221348,  -0.96024772,  -1.9925545 ],
       [  4.36412601,  -0.74773192,  -2.30953038],
       [ 22.58334914,  23.67639981, -24.89734732],
       [-27.65671301, -19.81017483,  22.68855021],
       [  2.17742363,  -0.87458267,  -2.12446806],
       [  2.54224883,  -0.92621782,  -1.89026016],
       [  2.65682488,  -2.11581163,  -1.85490395],
       [  2.00343906,  -0.53065261,  -1.88947602],
       [  2.45892999,  -2.95138428,  -1.97889924],
       [  2.92852097,  -2.55645444,  -1.81372727],
       [  2.14729435,  -2.5467211 ,  -2.12429772],
       [  2.14462846,  -3.24072948,  -2.0946423 ],
       [ 22.58334914,  23.67639981, -24.89734732],
       [-27.65671301, -19.81017483,  22.68855021],
       [  2.54224883,  -0.92621782,  -1.89026016],
       [  2.54224883,  -0.92621782,  -1.89026016],
       [  2.00343906,  -0.53065261,  -1.88947602],
       [  2.00343906,  -0.53065261,  -1.88947602],
       [  2.24846927,  -0.87146136,  -1.98560405],
       [  2.59072855,  -0.90208076,  -1.9652295 ],
       [  2.49287632,  -3.67646776,  -1.92756904],
       [  2.10909778,  -1.23602068,  -1.85213243],
       [ 22.58334914,  23.67639981, -24.89734732],
       [-27.65671301, -19.81017483,  22.68855021],
       [  2.00343906,  -0.53065261,  -1.88947602],
       [  2.00343906,  -0.53065261,  -1.88947602],
       [  1.95673076,  -0.34065199,  -1.8505636 ],
       [  2.02028847,  -0.46497072,  -1.88390149],
       [-26.54498966, -11.23913063,  -1.88947602],
       [  2.00343906,  -0.53065261,  -1.88947602],
       [  2.00343906,  -0.53065261,  -1.88947602],
       [  2.00343906,  -0.53065261,  -1.88947602],
       [ 22.58334914,  23.67639981, -24.89734732],
       [-27.65671301, -19.81017483,  22.68855021],
       [  2.04773329,  -0.34540214,  -1.85959142],
       [  1.9752978 ,  -0.46007385,  -1.8633099 ],
       [  0.43221374,   4.3333335 ,  -1.88947602],
       [-23.15839736, -12.87182832,  -1.88947602],
       [  2.00343906,  -0.53065261,  -1.88947602],
       [  2.00343906,  -0.53065261,  -1.88947602],
       [  2.02097516,  -0.24946544,  -1.83250836],
       [  1.98802489,  12.10273732,  -1.8841411 ],
       [ 22.58334914,  23.67639981, -24.89734732],
       [-27.65671301, -19.81017483,  22.68855021]])
最小値（目的関数）:6.1029489526349305
入力値:[ 2.02097516 -0.24946544 -1.83250836]
経過時間:626.4785594940186sec
num_evaluation of BBF = 150.0