w=0.65w=0.4
position_history=[[2.9288102356394887, 12.91136198234517, 6.16580256429863],
 [-3.744767324238449, 23.50638004692479, 27.81976563006176],
 [4.082673665635937, 25.535798297559666, -25.737836508126783],
 [16.689405056991028, 22.200728894809153, 28.71710053396584],
 [-22.903534447864008, 8.395261279651429, -21.398802755457215],
 [2.9871583735354545, 12.812113221485745, 6.355464911285283],
 [5.415098438657068, 22.60944267671237, -1.018954633740826],
 [2.8180192774169357, 15.728795284386678, 11.077273218434833],
 [11.329774374034187, 19.153725469525163, -0.37509244494295046],
 [-14.112350697851337, 9.420594603070601, 14.673189953105759]]
最小値（目的関数）:24.00597478228329
入力値:[ 2.92881024 12.91136198  6.16580256]
経過時間:39.03235411643982sec
num_evaluation of BBF = 10.0w=0.7333333333333334w=0.5666666666666667w=0.4
position_history=[[2.9288102356394887, 12.91136198234517, 6.16580256429863],
 [-3.744767324238449, 23.50638004692479, 27.81976563006176],
 [4.082673665635937, 25.535798297559666, -25.737836508126783],
 [16.689405056991028, 22.200728894809153, 28.71710053396584],
 [-22.903534447864008, 8.395261279651429, -21.398802755457215],
 [-14.126663273722382, 16.454021366053, -2.630980067007087],
 [6.725743363345288, 7.016039812485417, 26.624884710877453],
 [11.857871755635891, -26.38647170224381, 10.00600292674006],
 [-11.074298944548968, -8.177353743442644, 4.2118062250727775],
 [-17.46739463430992, -20.321428926900225, 9.186499527923907],
 [-19.998276763477445, 8.703906617753182, 3.105098033345175],
 [-18.23412232605395, -14.393285427684233, -7.042864298344554],
 [-5.500047753370932, 16.826747332633836, -6.203028831956836],
 [-14.333739171691388, 6.020184185282687, 3.4838482323388646],
 [-14.71449904434246, -13.694165094225202, -14.77311820645395],
 [-10.445791160422143, 14.75769338134166, 8.886070933140576],
 [-19.180556261222538, -22.427833748623193, 15.381884117842912],
 [1.8766484714946792, 7.8861943256858, 4.280296708597862],
 [-11.164350058137565, -7.461072114289113, 3.6281386141698855],
 [-8.555993596660318, -8.194597822541093, -0.7007886463867834],
 [-3.02142606114608, -0.30594245042953006, 0.05758836986987825],
 [-23.822485961004706, -30.0, -19.568833425850578],
 [-14.915841112188978, -9.697720706088823, 14.732724933728303],
 [-22.597553395622754, -23.16003669575997, -11.65382099635696],
 [-8.233289252247353, -16.66287140049184, -6.445255372788607],
 [-9.840216895292787, -11.907812293433938, -11.927926405343147],
 [-14.934020970618949, 26.62016188970373, -12.168774529771863],
 [-19.010838557988052, 21.787489408495603, -4.154925765497963],
 [-7.074885956480479, -7.383688221911299, 0.3073890245624775],
 [-3.5061996753255453, -1.3227268634042515, -6.303585278496175]]
最小値（目的関数）:5.384956881445488
入力値:[-3.02142606 -0.30594245  0.05758837]
経過時間:118.68248176574707sec
num_evaluation of BBF = 30.0w=0.8w=0.7w=0.6000000000000001w=0.5w=0.4
position_history=[[2.9288102356394887, 12.91136198234517, 6.16580256429863],
 [-3.744767324238449, 23.50638004692479, 27.81976563006176],
 [4.082673665635937, 25.535798297559666, -25.737836508126783],
 [16.689405056991028, 22.200728894809153, 28.71710053396584],
 [-22.903534447864008, 8.395261279651429, -21.398802755457215],
 [-14.126663273722382, 16.454021366053, -2.630980067007087],
 [6.725743363345288, 7.016039812485417, 26.624884710877453],
 [11.857871755635891, -26.38647170224381, 10.00600292674006],
 [-11.074298944548968, -8.177353743442644, 4.2118062250727775],
 [-17.46739463430992, -20.321428926900225, 9.186499527923907],
 [-19.992292339077856, 8.693727257665035, 3.1245505817540624],
 [-18.24966345687718, -14.354388755939873, -7.039011642377503],
 [-5.555097180077393, 16.76277645229254, -6.1586795192171095],
 [-14.293851363129157, 6.0150481002497465, 3.52125212251039],
 [-14.655209855402516, -13.691251984658528, -14.784496614455213],
 [-10.436666633906324, 14.693532021399841, 8.901755666084027],
 [-19.156313554675407, -22.44656602854669, 15.37348837834949],
 [1.8994001874437672, 7.847578667162317, 4.230820214951843],
 [-11.172536523009255, -7.3959556025478825, 3.5750779222696223],
 [-8.588888049655015, -8.199089719493585, -0.7348652341199031],
 [-6.077397714212847, -0.872181873557782, -0.41170506033235554],
 [-25.785521733810924, -30.0, -24.2538712438245],
 [-16.25822666518239, -10.916357338082868, 17.272134840684195],
 [-26.783516595110697, -25.325267128315208, -14.96899655489025],
 [-7.068179621921906, -19.61603292230725, -5.588550647529869],
 [-9.413001068478845, -12.159258882068103, -10.43278108179594],
 [-18.43284765508168, 22.71327129993753, -13.724602819671878],
 [-20.384232768421462, 26.303244893100377, -4.986415471023049],
 [-7.140031108763124, -7.20866001713698, 0.1524758847729406],
 [-2.3739334403965824, 0.28654772569106157, -7.6798205675505695],
 [2.2715390607061607, -6.6117273522914735, -2.533458445584207],
 [-18.2664604447623, 23.777535694482644, 7.907060262401032],
 [-10.999646173905557, -6.207844161558672, 8.383567527465667],
 [-15.861120242948694, -17.162810879217396, 0.3589248478056071],
 [-0.5535416586729625, -15.03993194792062, 6.794323871996566],
 [-6.6639011658102145, -19.614560417145945, -10.242362091226507],
 [30.0, -7.581965966483182, 30.0],
 [30.0, -27.72210060559332, -4.220567826247974],
 [-4.279598599148269, -1.7142622846112268, -2.3232844839950553],
 [-5.043477423386701, 5.105554912086132, -4.326051543973907],
 [-5.200582659349173, 0.8512833030636662, -1.2989906603577848],
 [4.166661006482208, -13.362786130446416, -19.159665800021017],
 [1.0994237869858239, -0.7359864908171083, -0.2970256618299434],
 [3.0230083007353805, 13.261294125808128, 13.467618080379099],
 [-8.095307570924826, 12.084333048299792, 8.112194750435119],
 [-9.47201350485975, 10.070514648683965, 1.8867456266167615],
 [-30.0, -13.9969280712319, 30.0],
 [13.885578129741972, 30.0, 7.055918545258789],
 [-4.687879973016319, 1.4107225335823217, -3.187089661823694],
 [-3.649545310655017, -11.116055942493315, -6.485910949395615]]
最小値（目的関数）:4.132435939632876
入力値:[ 1.09942379 -0.73598649 -0.29702566]
経過時間:204.48731064796448sec
num_evaluation of BBF = 50.0w=0.85w=0.8w=0.75w=0.7w=0.65w=0.6000000000000001w=0.55w=0.5w=0.45w=0.4
position_history=[[2.9288102356394887, 12.91136198234517, 6.16580256429863],
 [-3.744767324238449, 23.50638004692479, 27.81976563006176],
 [4.082673665635937, 25.535798297559666, -25.737836508126783],
 [16.689405056991028, 22.200728894809153, 28.71710053396584],
 [-22.903534447864008, 8.395261279651429, -21.398802755457215],
 [-14.126663273722382, 16.454021366053, -2.630980067007087],
 [6.725743363345288, 7.016039812485417, 26.624884710877453],
 [11.857871755635891, -26.38647170224381, 10.00600292674006],
 [-11.074298944548968, -8.177353743442644, 4.2118062250727775],
 [-17.46739463430992, -20.321428926900225, 9.186499527923907],
 [-19.987804020778167, 8.686092737598926, 3.139139993060728],
 [-18.2613193049946, -14.32521625213161, -7.036122150402214],
 [-5.59638425010724, 16.714798292036576, -6.1254175346623185],
 [-14.263935506707487, 6.011196036475038, 3.5493050401390356],
 [-14.610742963697557, -13.68906715248352, -14.79303042045616],
 [-10.42982323901946, 14.645411001443478, 8.913519215791613],
 [-19.138131524765058, -22.46061523848931, 15.367191573729425],
 [1.9164639744055822, 7.818616923269701, 4.193712844717328],
 [-11.178676371663023, -7.34711821874196, 3.535282403344425],
 [-8.613558889401038, -8.202458642207954, -0.7604226749197434],
 [-8.368329179743, -1.298642828919398, -0.7602709370124767],
 [-27.26051826130965, -30.0, -27.766975392510712],
 [-17.274649479601088, -11.841529716138126, 19.184453400630566],
 [-29.91600862822827, -26.950088767612403, -17.448832543010205],
 [-6.183971791113327, -21.830394269494647, -4.948013324986036],
 [-9.090992406228121, -12.359072061533542, -9.308677260870432],
 [-21.052725194782983, 19.779825208626264, -14.892943291508235],
 [-21.41029687595543, 29.68330376631235, -5.618691136554918],
 [-7.190322604327653, -7.065993474001525, 0.027005408848242318],
 [-1.5304902934739317, 1.4927175855458632, -8.717960437194664],
 [1.6082348789764822, -15.591629869145976, -2.535213527706631],
 [-20.921547207090576, 5.841050970191674, 6.495485801921443],
 [-13.407562257359231, -16.12137762266369, 13.34497036506475],
 [-18.734942994318907, -24.094284289352423, -1.908834236049298],
 [-1.8571502218161404, -21.531681589267215, 9.033402461456902],
 [-6.870375412317633, -28.553025304100476, -11.990640855764344],
 [30.0, -7.444664202293673, 30.0],
 [30.0, -30.0, -5.88134243603599],
 [-4.199057278826125, -6.855149915446199, -2.604202337023895],
 [-5.996744587161451, 6.75225736541846, -5.637188515863053],
 [-3.9931259553969287, -1.9794340471654586, -1.6294435274375811],
 [4.533438439242737, 11.603717419002695, 18.78782180326438],
 [2.5638317770771106, 22.437523171434574, -19.917317823908807],
 [5.456497329811754, 5.6336468671823, 20.206934139286602],
 [-9.25467528995674, 4.035920307180479, 12.729205937693758],
 [-10.188883875087628, 1.9605209029820116, 6.3770622581825585],
 [-20.031949225589642, -18.01722275961469, 30.0],
 [22.412501418749418, 26.42693906025157, 7.9294683570917535],
 [-5.983163107988667, -7.148827482560881, -2.9320908354788777],
 [-3.5856788898346754, -21.192242708559206, -5.6268755498011185],
 [-7.634010497739646, 6.8684932371218785, -1.0406930272626989],
 [19.141307202867274, 4.034067787954138, -4.2775516702486165],
 [-2.3444563241652867, 7.183128032818306, -16.27601005851903],
 [11.041302582278103, 18.053345089543217, -5.306431388016584],
 [-12.156797139884786, 11.168100177765552, 13.498954992703931],
 [-9.13127556070972, 18.84871209113052, 8.906829524591702],
 [-23.201452530376557, -4.891109502054659, -14.015197213467005],
 [-16.174744895920778, -10.712896624296611, 2.272262167310556],
 [-5.094181827529297, -0.223642039982896, 0.5963791638684381],
 [-1.6413125226781737, 13.19563802323109, -7.185180036181515],
 [-2.812894307556534, -9.09111003221166, 1.7325225194277345],
 [-8.77577252793457, -5.924048804565588, -15.777091331879273],
 [-7.808941219707163, -10.724076708789188, 14.85243519609286],
 [-30.0, -30.0, -0.789284420369734],
 [-12.08695494421588, -3.184357686400782, 6.672034060093413],
 [-7.42329581825453, 14.250236733347524, 5.301289264757087],
 [-21.495645498125107, 11.80888675120165, -15.015119394948659],
 [-9.277169250882402, -20.19441878152728, -0.2799566931409001],
 [-4.560793059253675, 3.9314692255638954, 2.713461163476828],
 [-7.199983684878737, 4.545925509572282, -3.649994250062369],
 [-5.060184698623574, -7.625392596933621, -1.818721991150213],
 [-22.31835851272591, -3.809677294464527, -5.16156665855479],
 [-2.3431915286487595, 8.00513190475915, 3.8222296150734625],
 [-17.78487156516953, 30.0, 4.35289882575627],
 [-7.901040380748523, -5.204083092092875, -0.11355264016489652],
 [-3.8565947209772924, -13.342085160538897, -3.0553847068420614],
 [-11.28753020218007, -6.125138111273207, -7.38196694955181],
 [5.38445356107086, 9.25856788408009, 1.9210288038216632],
 [-6.275950823432935, -5.290904601645832, -2.756504849003403],
 [1.0169713629115966, -9.076642936285182, -4.9913661450246956],
 [-5.318893671215611, 7.844820269311351, 1.308992792616773],
 [16.614765371520615, -0.9975295575981002, -6.06980395335339],
 [-0.9770827482286628, 9.044415974048167, -3.6953574305009615],
 [-0.5855639940644082, -20.754107651088518, -0.7609896950618698],
 [-5.22073173017068, -2.7428175520248104, -2.455508447249314],
 [-2.5804659979555256, -18.17315153897371, -2.2947659634007875],
 [-5.808957582150554, -6.70805053154236, -3.439586513684649],
 [8.254809287096027, 14.758705445243422, 7.148444615989146],
 [-5.828003652829972, -2.42347789192167, 0.25004566371922454],
 [1.5500620166330623, 9.775652503153488, -6.024414407588707],
 [-3.56123307084135, -17.240855915804776, 1.890720656997634],
 [14.942414480276945, 1.0727062288613056, 2.7735702853067083],
 [-5.4946656458879595, -6.928714147758452, -1.7665937774196316],
 [2.620972835027195, -5.720989050581455, -1.5925326688922172],
 [-3.781795987100264, -1.4536970380512984, -2.4426195318993162],
 [-3.8061200628903173, 20.670065781324087, 0.1722793100210489],
 [-2.714220190815099, -5.978418211479619, 3.9562873774519396],
 [4.779598181535548, -10.51604430499134, -0.5489926268002412],
 [-3.8615731360667245, 6.2167117697027665, 2.220249037420749],
 [-3.4307104086771627, 5.433927861931855, -2.7571917199466576]]
最小値（目的関数）:7.914203031380632
入力値:[-5.09418183 -0.22364204  0.59637916]
経過時間:416.1335120201111sec
num_evaluation of BBF = 100.0w=0.8666666666666667w=0.8333333333333334w=0.8w=0.7666666666666667w=0.7333333333333334w=0.7w=0.6666666666666667w=0.6333333333333333w=0.6000000000000001w=0.5666666666666667w=0.5333333333333334w=0.5w=0.4666666666666667w=0.43333333333333335w=0.4
position_history=[[2.9288102356394887, 12.91136198234517, 6.16580256429863],
 [-3.744767324238449, 23.50638004692479, 27.81976563006176],
 [4.082673665635937, 25.535798297559666, -25.737836508126783],
 [16.689405056991028, 22.200728894809153, 28.71710053396584],
 [-22.903534447864008, 8.395261279651429, -21.398802755457215],
 [-14.126663273722382, 16.454021366053, -2.630980067007087],
 [6.725743363345288, 7.016039812485417, 26.624884710877453],
 [11.857871755635891, -26.38647170224381, 10.00600292674006],
 [-11.074298944548968, -8.177353743442644, 4.2118062250727775],
 [-17.46739463430992, -20.321428926900225, 9.186499527923907],
 [-19.98630791467827, 8.68354789757689, 3.14400313016295],
 [-18.26520458770041, -14.315492084195519, -7.035158986410451],
 [-5.6101466067838555, 16.698805571951254, -6.114330206477387],
 [-14.253963554566926, 6.0099120152168055, 3.5586560126819187],
 [-14.595920666462572, -13.688338875091851, -14.795875022456476],
 [-10.427542107390504, 14.629370661458022, 8.917440399027477],
 [-19.132070848128276, -22.465298308470185, 15.36509263885607],
 [1.9221519033928551, 7.808963008638827, 4.181343721305823],
 [-11.180722987880946, -7.330839090806652, 3.5220172303693595],
 [-8.62178250264971, -8.203581616446078, -0.7689418218530228],
 [-9.131773520773061, -1.4411357927095398, -0.8758111442922192],
 [-27.752701808170002, -30.0, -28.93788168687388],
 [-17.615292065297528, -12.152052871501255, 19.823371231037353],
 [-30.0, -27.491867183545892, -18.274197742711134],
 [-5.887259541212471, -22.568417614904885, -4.734880164404801],
 [-8.983352034594015, -12.427815166686749, -8.933453162797147],
 [-21.92520961779851, 18.801385435525052, -15.282669973436803],
 [-21.751559854601783, 30.0, -5.831098908187072],
 [-7.207359318344883, -7.0162674092316655, -0.016586772856665544],
 [-1.2504390595995352, 1.894624475599045, -9.065142946667132],
 [1.613412741206396, -16.118534265091064, -2.8369852800907602],
 [-21.772746879398376, 3.604546131949391, 5.509772336243586],
 [-14.235422558355982, -17.64838396678652, 15.006653006234739],
 [-20.309616908601402, -26.22862004112646, -3.0897811863104394],
 [-1.5350230885002647, -22.926051645710057, 9.571110729570174],
 [-6.691303718485818, -29.92329747606071, -12.722277819310957],
 [30.0, -4.2181966275790295, 30.0],
 [30.0, -30.0, -6.572442980082792],
 [-4.028668382716033, -6.764610063971676, -2.8474699754374857],
 [-5.645202224269064, 7.878562026232798, -6.339036018038606],
 [-2.9617089475332516, -2.991412090916576, -1.9700112183243368],
 [5.106403096580031, 13.46519807678062, 21.931080788996347],
 [3.3159931853728075, 22.282574159791608, -20.611639793492383],
 [5.889205805361367, 5.968472946740796, 22.643062189103286],
 [-9.287670666093145, 4.68978093426302, 14.05470560571885],
 [-10.313603655402204, 1.3856782299837818, 7.587115146625436],
 [-15.706752878670237, -15.356899890039884, 30.0],
 [25.861388208946742, 22.870571218571868, 7.980553079801149],
 [-5.712649334188967, -7.098358754409448, -3.3889666191429786],
 [-4.268629815768643, -22.23613743754403, -5.27511011335498],
 [-6.316798185942327, 6.6351441701447165, -1.3342302396956263],
 [22.92027285259552, 2.550361314961606, -2.9780916798533816],
 [1.0020994874850615, 10.11827325911321, -20.492320530105893],
 [15.164744419309644, 21.41032971259994, -3.6331550271571658],
 [-12.681037457872012, 12.827450914578938, 15.520726527892734],
 [-9.155462186649405, 21.073166012009736, 11.24914205717157],
 [-25.263118840351375, -5.827841917984962, -11.434676371927452],
 [-14.151303962870024, -3.612358123362469, 3.473902134604616],
 [-4.103297220986847, -1.6755577677028555, 0.4416699144338976],
 [-1.992161312776636, 9.424722002737536, -8.149851076558907],
 [-2.393511940630518, -10.240669996096571, 1.7386582474974857],
 [-5.511739682575403, -10.465909522219249, -18.77288818253966],
 [-5.295587022469567, -12.336672142064607, 15.502318229491202],
 [-30.0, -30.0, -7.098886357390982],
 [-12.89861989543435, -4.011202857091552, 7.577291875669577],
 [-6.720612013348562, 17.313785562806544, 6.435980150354647],
 [-15.886164050011857, 19.000278954956855, 30.0],
 [-15.21197897086456, -14.559579532083823, 0.5539098023007099],
 [-2.976750741745363, 2.120402922991759, 3.1231154879377105],
 [-4.494352841301602, 7.86189439715271, -4.265555963812078],
 [-3.346524758254889, -11.11143960887627, -1.8812022201493397],
 [-7.373783647565713, -1.1524114009685569, 11.505206376937359],
 [-2.4676020602373057, 6.45000623944199, 7.974012763355384],
 [-26.5474115909834, 16.04441640742266, 3.8618770140334933],
 [-7.82705876907499, -10.602999659606429, -1.2778654708819648],
 [-2.247737056169785, -17.702516457034037, -4.995592069134901],
 [30.0, -1.9411857815644282, 30.0],
 [8.614581111858335, 4.368413297206438, 0.703350031055223],
 [-6.467828057427995, -5.861965101155127, -3.49217770132122],
 [0.17294120659488055, -10.632724655343125, -4.578804795502747],
 [-4.208186022550655, 7.366729702527406, 0.2150438400025294],
 [-2.6873877670140924, 4.320575264949568, 18.465456642597417],
 [-1.4892023228926887, 10.127336519391944, -1.4697036218867208],
 [-0.21844342455936783, 1.918104758494792, 4.44988543500247],
 [-3.835851437800324, -8.55580601555884, -4.340884022595971],
 [-11.153290758144085, -5.166354308675132, 12.998968992852195],
 [21.810210329990525, -5.087048768577164, 30.0],
 [21.428374360552652, 11.44913479309347, 0.7852709473952313],
 [-6.066694768129915, -4.738877785114741, -0.945478276514891],
 [3.105774929337248, -10.751886512488008, 1.2513123625417997],
 [-3.111375512229765, -16.20642420346575, 1.6301316129887837],
 [-4.257498293847364, -7.287555289072294, -3.727508094592011],
 [-4.160865329988299, -8.60367398765448, -4.77031752991347],
 [11.672944160338407, -13.18689698745511, 0.4627486874336859],
 [-1.9331111074156557, -6.831646610677332, -4.506982080459368],
 [-13.58052853548481, 21.020101373837438, 9.337263942037723],
 [-30.0, -2.5741316578039477, -7.570119537286949],
 [19.657543004703076, -8.690877262560576, 0.3161523566401934],
 [-1.104009445888595, 6.1697998018461755, 3.0547973054988833],
 [-0.4134448606163761, -4.779384990601752, -7.773809176640825],
 [-3.034340906656148, -6.586226001155362, -2.23013395977491],
 [-4.847925254872487, -12.367772415932798, -15.496335620109917],
 [-3.7942151037241487, 16.76937706118955, 1.3788324063596127],
 [-29.547998883552797, 18.00041068118004, 4.6546530123546255],
 [-3.783926233713479, -4.516994240786037, -0.27362250941299404],
 [-9.321571387643742, 0.6439346903822383, -6.584950508921398],
 [-10.300278115052528, -0.4316425713300749, -22.765523118740507],
 [-25.57708247447267, -0.8494432487164723, 0.6838713780434542],
 [-6.933745541374558, 7.6427262721932205, 1.9786655485505409],
 [-5.398650296115706, -1.424872510418485, -4.698469734273768],
 [-4.389211861904356, 4.833258610615216, -0.26685163680044566],
 [-3.4928441714563987, -9.523758714339944, 14.60462361091733],
 [-0.6546730598667261, 5.71116778083606, 0.839688178957506],
 [-27.11353991273394, 9.810901470389084, 0.6631169351239503],
 [-5.32492369787459, -3.116628580928881, 2.749413209246439],
 [-5.061266756959321, -10.312065040278478, -7.795114088213981],
 [1.2043507973378222, 0.4987791674214339, -20.593758230232016],
 [-30.0, 4.683768773584332, 0.8040336654486246],
 [-6.00642850913321, -9.70605694552413, -1.3292600764702853],
 [-0.2255409982946599, -6.535864933955337, -2.573616990949641],
 [-2.1144325199175413, -8.453385600640816, -1.201291577589569],
 [-3.8183278180940254, -1.7655316187578016, 1.806263438923148],
 [0.10549692503004371, -2.179403387779459, 0.5328564971140091],
 [30.0, 3.7859117646829485, -0.3707558143268359],
 [-3.143594566964767, -3.539305936451733, -3.1044510212247816],
 [-6.655745504879965, -9.911129942726664, -2.196347697592035],
 [2.237239579285018, -0.49760910682732873, 17.54300696589441],
 [30.0, -3.2468628391093697, 0.2985609410633555],
 [-1.0984023796404623, -10.180764051322083, -0.7903083682995204],
 [1.2824335860445748, -4.941588503247139, 3.5717079935699525],
 [-1.0884702357412048, -12.589454176483507, -0.40493639592747876],
 [0.7103774523474513, 1.7576932677126598, -6.651699226228237],
 [0.4602429179818696, -5.861669933133368, 0.3896683789203772],
 [-18.955418635998782, -9.01025211219694, 4.510149188735737],
 [-0.25374202242076205, -3.8007806733957707, 0.6222711522809163],
 [-9.586766527898412, -1.1184980075496114, 2.6196157220746787],
 [-0.18291324857317193, -0.20452911077706082, 28.213683078857372],
 [-3.8483396155703886, -3.327426338150582, 1.0413963326509657],
 [2.451890829377116, 9.650841195030512, 3.4529111813852547],
 [0.8531450244662456, -4.176036194740812, -3.000529933580938],
 [-1.9549828163189436, 3.2312831004168885, -2.1209771237096247],
 [-2.0037656488590034, -8.44622536345273, 15.367437426830977],
 [0.010350423676219356, -3.5099212271128875, 0.7344563474527874],
 [17.311677538558044, 4.78553768606521, 5.408574808604139],
 [1.644411086690038, -3.312497382499442, 2.141927337999395],
 [-2.2888239314670766, 3.0491899588595004, -7.338731410619191],
 [1.1318332085847724, -2.131710975585727, -30.0],
 [-17.396966421816586, -1.374086644366724, 0.9144325732766487],
 [-5.301688175482734, -3.6994518220678447, -3.1903428649622025],
 [-0.5453239179856485, -2.4538739490401142, -4.354196689767088]]
最小値（目的関数）:4.817756809923512
入力値:[ 0.10549693 -2.17940339  0.5328565 ]
経過時間:623.5681788921356sec
num_evaluation of BBF = 150.0w=0.65w=0.4
position_history=[[-4.978679717845559, 13.219469606529486, -29.993137510959308],
 [-18.824387317339745, -9.266356377417136, -6.193951546159802],
 [-17.732865016108953, 22.687046183456722, -28.35674440812443],
 [-21.576783684285974, -18.113910654907272, 18.0446741205322],
 [22.583349137762298, 23.67639981023084, -24.897347317813328],
 [-24.245829596345594, -24.77424297544598, -29.65260511077937],
 [-18.773925563135382, -9.371403508692852, -5.953166195644014],
 [-18.139483652499514, 14.269831807912096, -27.421995879853373],
 [-18.262035280467792, -17.412203194683485, -9.536949935454615],
 [13.509246237593027, -4.033111553886776, 1.5695198844062084]]
最小値（目的関数）:21.11187767588601
入力値:[13.50924624 -4.03311155  1.56951988]
経過時間:41.2563533782959sec
num_evaluation of BBF = 10.0w=0.7333333333333334w=0.5666666666666667w=0.4
position_history=[[-4.978679717845559, 13.219469606529486, -29.993137510959308],
 [-18.824387317339745, -9.266356377417136, -6.193951546159802],
 [-17.732865016108953, 22.687046183456722, -28.35674440812443],
 [-21.576783684285974, -18.113910654907272, 18.0446741205322],
 [22.583349137762298, 23.67639981023084, -24.897347317813328],
 [-24.099189970016994, -4.7335424996968705, 27.473371809030112],
 [11.19005566089502, 20.077540313842377, -28.902703359348493],
 [-13.173360476135688, 17.35675970708931, -23.806439605341478],
 [-12.733479684819077, -22.19828567290334, -28.837982527782174],
 [-0.5056104431797017, -26.798247292975176, 4.447056329520784],
 [0.6698069197885275, -28.507995195578864, 30.0],
 [-13.664711449198798, -30.0, 2.541068429766394],
 [8.3860164731453, -30.0, 29.680928019456655],
 [-9.514605299922628, -30.0, 6.684706531042197],
 [16.60856588997784, -30.0, 2.0620681885537557],
 [18.57736557054679, -29.768259771336357, 27.070608623008013],
 [-9.16643197268268, -12.700066198859815, 30.0],
 [4.254435594877375, -30.0, -14.370695150499744],
 [-10.857104605898583, -29.571433197477234, 21.00374902568649],
 [-1.0237418666511802, -26.66726583885036, 4.740035257551483],
 [-0.210416941094415, 22.49933443582775, -4.467501623219796],
 [1.1434169385657569, -21.700344485518823, -6.3959710049451495],
 [7.830131988975058, -30.0, 30.0],
 [-1.8766355927807457, -30.0, -0.7627255303777334],
 [10.759294354784227, -30.0, 20.04889603794234],
 [17.950284802703386, -27.8675056704343, -16.449048405140083],
 [-9.963123298851498, -30.0, 30.0],
 [8.357874398384347, -30.0, 2.920320602693847],
 [1.6124491538082424, -29.61564825220916, 27.08683018784503],
 [-0.3902705216544984, -26.665478075867206, 4.2481198765231545]]
最小値（目的関数）:29.17725300014196
入力値:[-0.21041694 22.49933444 -4.46750162]
経過時間:125.05914068222046sec
num_evaluation of BBF = 30.0w=0.8w=0.7w=0.6000000000000001w=0.5w=0.4
position_history=[[-4.978679717845559, 13.219469606529486, -29.993137510959308],
 [-18.824387317339745, -9.266356377417136, -6.193951546159802],
 [-17.732865016108953, 22.687046183456722, -28.35674440812443],
 [-21.576783684285974, -18.113910654907272, 18.0446741205322],
 [22.583349137762298, 23.67639981023084, -24.897347317813328],
 [-24.099189970016994, -4.7335424996968705, 27.473371809030112],
 [11.19005566089502, 20.077540313842377, -28.902703359348493],
 [-13.173360476135688, 17.35675970708931, -23.806439605341478],
 [-12.733479684819077, -22.19828567290334, -28.837982527782174],
 [-0.5056104431797017, -26.798247292975176, 4.447056329520784],
 [0.6434512628061064, -28.555094410136583, 30.0],
 [-13.659535884665015, -30.0, 2.5657643631526277],
 [8.408745474502421, -30.0, 29.688753329916086],
 [-9.452170423160043, -30.0, 6.710349546464771],
 [16.547106527742223, -30.0, 2.1124871890110093],
 [18.581787608543195, -29.74267615614296, 27.046010707142152],
 [-9.133079397356685, -12.634884720338952, 30.0],
 [4.247488065034165, -30.0, -14.39821326404992],
 [-10.833259868173263, -29.60988278201056, 20.972488580269456],
 [-1.0708447233304055, -26.655358433929923, 4.766669705554274],
 [0.5400280754912274, 17.015935066553432, 4.089936592253313],
 [1.8314750181866568, -25.49838055908957, -5.27675347439194],
 [11.312033935214307, -30.0, 30.0],
 [-0.16776903312887192, -30.0, -2.2453704855265713],
 [9.867022659266585, -30.0, 23.671910958003334],
 [23.64448333870745, -30.0, -16.460252548533944],
 [-12.66197651153319, -30.0, 30.0],
 [10.67819472451194, -30.0, 4.149105499936683],
 [1.8768941202271527, -30.0, 30.0],
 [-0.45514964492987686, -26.634356299166512, 4.272649861236927],
 [0.47797416310230006, 30.0, -11.456101452394702],
 [9.227484177960417, 30.0, 7.02419527905702],
 [-5.6454406483129365, 30.0, -11.85356371923659],
 [5.954964465707247, 9.450886777802282, 0.038182454517595055],
 [5.83501934302259, 23.81476493031559, -9.819952531163178],
 [13.624592365043311, 30.0, 30.0],
 [-11.214472012282696, 24.408653246117126, 30.0],
 [-2.591498442910259, 20.604985212578796, 15.223075532341609],
 [8.192179937861889, 25.737322342701958, 30.0],
 [0.5417166111485467, 30.0, 3.7650735930257073],
 [1.0603054335056288, 5.941045161914339, 15.411019450623133],
 [-3.1272185768692893, 24.113706471357276, -19.304567690825884],
 [-7.498576822825365, 30.0, -14.942208701367939],
 [9.016331215125307, 29.176330166703423, 1.1799589245396782],
 [3.915328720689871, 30.0, -14.30395411741124],
 [-26.892376223716234, -7.639755826700906, 30.0],
 [15.586730711783064, -21.666944318956702, 16.350376154424982],
 [0.5591587289536397, 29.552390031313138, 4.997788410165837],
 [0.07978053859078038, -12.02903319203292, 10.775522459689423],
 [9.67098134654629, -30.0, -1.4356322943020072]]
最小値（目的関数）:17.444033698027127
入力値:[5.95496447 9.45088678 0.03818245]
経過時間:210.481059551239sec
num_evaluation of BBF = 50.0w=0.85w=0.8w=0.75w=0.7w=0.65w=0.6000000000000001w=0.55w=0.5w=0.45w=0.4
position_history=[[-4.978679717845559, 13.219469606529486, -29.993137510959308],
 [-18.824387317339745, -9.266356377417136, -6.193951546159802],
 [-17.732865016108953, 22.687046183456722, -28.35674440812443],
 [-21.576783684285974, -18.113910654907272, 18.0446741205322],
 [22.583349137762298, 23.67639981023084, -24.897347317813328],
 [-24.099189970016994, -4.7335424996968705, 27.473371809030112],
 [11.19005566089502, 20.077540313842377, -28.902703359348493],
 [-13.173360476135688, 17.35675970708931, -23.806439605341478],
 [-12.733479684819077, -22.19828567290334, -28.837982527782174],
 [-0.5056104431797017, -26.798247292975176, 4.447056329520784],
 [0.6236845200692898, -28.590418821054868, 30.0],
 [-13.655654211264679, -30.0, 2.5842863131923046],
 [8.425792225520262, -30.0, 29.69462231276066],
 [-9.405344265588102, -30.0, 6.729581808031703],
 [16.50101200606551, -30.0, 2.1503014393539495],
 [18.585104137040496, -29.72348844474791, 27.02756227024276],
 [-9.108064965862187, -12.585998611448304, 30.0],
 [4.242277417651753, -30.0, -14.418851849212551],
 [-10.815376314879273, -29.638719970410552, 20.949043246206678],
 [-1.1061718658398245, -26.646427880239592, 4.786645541556367],
 [1.0982495979585363, 12.895143177050073, 10.498503154402737],
 [2.348424301695747, -28.34879307559822, -4.433018538134445],
 [13.92743797013124, -30.0, 30.0],
 [1.1248069900434903, -30.0, -3.352866674189247],
 [9.18706349923712, -30.0, 26.397995473129104],
 [27.915906097359866, -30.0, -16.472960291355882],
 [-14.680279720362414, -30.0, 30.0],
 [12.41721915138507, -30.0, 5.065878502997528],
 [2.079400674143269, -30.0, 30.0],
 [-0.5120519873052749, -26.60893117077991, 4.295708378172743],
 [1.4541734063754712, 30.0, -4.127619479795211],
 [-26.648008441443384, 30.0, 17.181840888679798],
 [-8.026619510303565, 11.808712876047068, 6.562400929031984],
 [9.001705256205973, 2.683012575804298, 5.82635294458418],
 [5.3521818248283175, -0.5628977247407505, -5.502182065594948],
 [20.617433719882932, 30.0, 30.0],
 [-14.558187701146782, 8.312354556862552, 30.0],
 [-0.574621484565359, -2.021540790758692, 24.67614000469742],
 [10.788457873266378, 20.10923740194125, 30.0],
 [0.9488163339369513, 30.0, 11.096164938382481],
 [1.9926104415180026, -0.8595863463127706, 1.6705355472388748],
 [-8.47064336719798, 22.932825686800797, -30.0],
 [-15.75312306894323, 26.554664732966963, -27.94131805258004],
 [8.205658170663185, 23.466334236022227, -2.9463019240202293],
 [2.6677646527421564, 20.043073867940723, -27.83230634270178],
 [-29.032346281418278, -4.1120691270241565, 30.0],
 [20.611728185456467, -6.446360285324452, 24.09073462675471],
 [-2.882856253168476, 19.702167177537245, 7.077522952213588],
 [-0.26844923298037315, -4.644442359873715, 12.056337733683513],
 [8.88859887594347, -30.0, -9.466660172449243],
 [2.342594514360648, -20.91831747141607, 5.4393363148110305],
 [2.258907978639824, -30.0, -12.148005023194187],
 [-4.2521977796505634, -30.0, -11.373667867824189],
 [2.259959730193877, 4.048988734242798, -5.449760104437055],
 [4.0660870830168, -20.40061991191416, -0.03078929188497881],
 [-30.0, -21.582665205722563, -10.367689262685182],
 [-19.306450947168738, -17.1373478752968, 27.047329992957398],
 [6.42051291125616, 1.834892350164175, 8.787868338103358],
 [-4.596087785855145, -18.120531857112773, -16.153467606912464],
 [1.5203094524483056, -30.0, 24.506075874812403],
 [1.4778031870389072, 28.057528756197915, -1.065842454925635],
 [2.9006801600262038, -13.120910053152755, -0.28443583634392766],
 [8.510983269263004, 17.942040853458487, 30.0],
 [-1.4399217642232598, -10.175211098425107, 3.731063732138721],
 [5.201518772053066, -11.197030707902865, 12.097251299845723],
 [-9.507767671019518, 19.01135527771534, 30.0],
 [-30.0, 8.275973966959576, 9.968455605822253],
 [11.281016869312165, -11.195281151746618, 8.262229921692356],
 [8.389600258045613, 7.257587149362333, 30.0],
 [-4.50801275592259, -30.0, 18.729010688007367],
 [1.0994751217736698, -15.184430356564224, -1.8624777521591116],
 [2.385408526585171, 7.786420581397767, 9.380849916775567],
 [-7.867285438942307, 28.488164628803467, 18.692789355667237],
 [3.1318430964745154, 14.193334390542125, 5.444877549872343],
 [4.897616570855619, 9.830748038854356, -5.673482365309159],
 [22.67739144475944, 25.406589474500564, 30.0],
 [-19.70805804159845, 12.440070375285782, 19.53729178131139],
 [1.0214945936190691, 13.74073316137362, -3.7536324123352625],
 [-2.8276969144847914, 10.391858347713232, -0.10525465844934345],
 [3.5356374654096774, 5.622066450611499, -18.573103509617884],
 [2.6614363533743677, -23.563464578164893, 6.25422574824618],
 [2.1136924872426923, -7.667259210837782, -9.226739323677435],
 [1.792906594791388, -10.868397326276138, -10.423205188671957],
 [3.638107382797915, 7.547949969083531, -3.6686169357461242],
 [1.5777532179406357, -1.7070628490365642, -13.639808076378362],
 [2.5696982517067646, 10.931563464138607, 4.871825726971554],
 [30.0, -30.0, 15.476041020179498],
 [-2.8807554561034983, 13.017575268045983, 2.4590800576868617],
 [-0.4901860578743573, -2.2766898031987655, -12.782823780562286],
 [6.03890240127657, 13.968704195173244, -18.250674563700127],
 [1.7381580894037145, -6.554733211599022, 0.7827036091842796],
 [1.8086126656966148, -8.305831020430281, -14.879703357131811],
 [6.4475968276352695, -25.96983781506588, -22.971143419340127],
 [0.22208799895263898, -12.659441433768864, -3.017393841594415],
 [7.391361165976823, -3.968063489242984, 8.288030556321544],
 [-6.795146046727888, -8.800784423847398, -10.736656623031152],
 [-8.540329770032798, -11.567378123714349, -2.051469519708508],
 [5.403042076939096, -26.667778443835623, 9.242939433344233],
 [1.624887555151786, -7.413676891051591, -14.367992392451736],
 [-0.18146964601841553, -6.438453149379731, -14.968618153255898]]
最小値（目的関数）:6.522732335069648
入力値:[ 1.99261044 -0.85958635  1.67053555]
経過時間:419.64298582077026sec
num_evaluation of BBF = 100.0w=0.8666666666666667w=0.8333333333333334w=0.8w=0.7666666666666667w=0.7333333333333334w=0.7w=0.6666666666666667w=0.6333333333333333w=0.6000000000000001w=0.5666666666666667w=0.5333333333333334w=0.5w=0.4666666666666667w=0.43333333333333335w=0.4
position_history=[[-4.978679717845559, 13.219469606529486, -29.993137510959308],
 [-18.824387317339745, -9.266356377417136, -6.193951546159802],
 [-17.732865016108953, 22.687046183456722, -28.35674440812443],
 [-21.576783684285974, -18.113910654907272, 18.0446741205322],
 [22.583349137762298, 23.67639981023084, -24.897347317813328],
 [-24.099189970016994, -4.7335424996968705, 27.473371809030112],
 [11.19005566089502, 20.077540313842377, -28.902703359348493],
 [-13.173360476135688, 17.35675970708931, -23.806439605341478],
 [-12.733479684819077, -22.19828567290334, -28.837982527782174],
 [-0.5056104431797017, -26.798247292975176, 4.447056329520784],
 [0.6170956058236845, -28.6021936246943, 30.0],
 [-13.654360320131236, -30.0, 2.590460296538863],
 [8.431474475859542, -30.0, 29.696578640375524],
 [-9.389735546397457, -30.0, 6.735992561887347],
 [16.485647165506606, -30.0, 2.1629061894682664],
 [18.586209646539594, -29.717092540949565, 27.021412791276294],
 [-9.09972682203069, -12.569703241818083, 30.0],
 [4.240540535190952, -30.0, -14.425731377600096],
 [-10.809415130447945, -29.648332366543883, 20.941228134852416],
 [-1.1179475800096308, -26.643451029009483, 4.793304153557065],
 [1.2834449168815587, 11.519975906730366, 12.632880179984863],
 [2.5209132483499026, -29.299289716592643, -4.150950361602407],
 [14.799996948482121, -30.0, 30.0],
 [1.5577468269930268, -30.0, -3.721177303229389],
 [8.958361800486113, -30.0, 27.308370944852932],
 [29.339861084843886, -30.0, -16.47801613615871],
 [-15.351935704127955, -30.0, 30.0],
 [12.996662376014676, -30.0, 5.370552233566135],
 [2.1476976833728187, -30.0, 30.0],
 [-0.5325895299863819, -26.60005921448703, 4.304282365418109],
 [1.816524365727858, 30.0, -1.2608156760272475],
 [-25.8387177865243, 30.0, 20.659658801851727],
 [-8.649188715249092, 4.636437474601479, 13.084669096535983],
 [10.101773003811113, 0.3181442292658545, 7.678943555441636],
 [5.148466545266009, -9.337268323386304, -3.884985261207202],
 [23.233105167931182, 30.0, 30.0],
 [-15.807534453052043, 2.7252390803286417, 30.0],
 [0.21244334047504765, -10.145725996856001, 27.88718173539486],
 [11.665982008016716, 18.18221974025053, 30.0],
 [1.0806877532668142, 30.0, 13.538545615607768],
 [2.922337942170266, 0.5421051183649475, 17.23552469185956],
 [-7.625386031413889, 29.008790140522393, -28.477188380031343],
 [-15.91723787221467, 26.12280263627681, -7.992574871634623],
 [16.65219307270498, 23.562054805036343, 16.419036213756087],
 [6.20484967714461, 12.633105166982507, -13.416229085202097],
 [-27.392896970110133, -0.34792884622109455, 30.0],
 [18.184395925943484, 26.513755209421028, 30.0],
 [1.734264096525795, 20.41890055594062, 24.17330984821263],
 [3.216274689752602, -2.132753778496852, 24.617239884326317],
 [16.708308832883038, -30.0, 9.196370259288834],
 [8.689548550952509, -21.161151426237154, 19.474732132007997],
 [7.852790397193216, -30.0, -10.018056648390317],
 [-1.0779602601776261, -30.0, -1.638928803565138],
 [6.618581663138077, 7.563714667102698, 18.3773022741854],
 [6.7923651856619, -13.669570015767281, 1.4320070848252122],
 [-30.0, -28.328226449740896, 10.925136143572757],
 [-6.852531020289781, -30.0, 29.868401468944956],
 [14.249504731326745, -1.5623233379879196, 0.5733165533509528],
 [5.727269508636415, -15.337823304180064, -6.315827694478266],
 [8.81743778387061, -30.0, -6.414180691890156],
 [17.532247714565482, 27.361345287457716, -1.709191973980861],
 [13.513849709611069, -26.90489507653055, 3.7478096002069066],
 [24.93995399987305, -1.1888070400890314, 25.16124120453383],
 [7.427405884442008, -22.762957909991005, -11.326953237614639],
 [8.862416854431974, -12.250374460475658, 5.9075872015077735],
 [-2.5212306312943085, 20.23053719430908, 14.918383271239263],
 [-30.0, 25.16836278507686, 2.743366865340416],
 [23.01017317568741, -16.9491800637379, -15.946678753052218],
 [20.544633121515353, -15.146418539504776, -16.314589242005592],
 [-3.1660042612156136, -30.0, -3.655215910490131],
 [21.29527691319121, -8.554789136790646, -9.734847640908017],
 [-30.0, 15.142985320754974, -1.1235289917771505],
 [-1.2929381829225548, 28.46483291221023, 11.71695041596595],
 [21.00033376575425, 20.27367833477862, -12.070629593799694],
 [5.465461234268679, 2.850345117342931, -3.861525012974054],
 [30.0, 30.0, 10.412298668341073],
 [-29.319639833952877, 30.0, 25.403138366357226],
 [14.0583948941991, 12.702866218906259, 11.94165705116254],
 [7.739247539072188, -14.343970142628738, 11.4773133477999],
 [4.892436252185524, -5.672159270765491, 11.2180366829976],
 [-10.868859639211955, -22.84930989428876, 25.8486418348689],
 [-20.54880336878637, 10.438685518548624, -15.535041594773801],
 [-19.17886456269244, -9.077767367794035, 2.786165698975756],
 [5.779562636856312, 20.571000207913706, 7.764508169406362],
 [3.314056008165258, 12.414134183294703, -10.048629415479212],
 [20.567960394975223, 16.97372034895006, -4.252847808737057],
 [30.0, -30.0, 10.358293038939255],
 [0.6379033380274954, 21.41474627911108, -2.7093344395570718],
 [-4.79506881054893, 5.985422712123128, -18.74789325899766],
 [10.560054114475188, 22.179884291552643, 6.504343311698021],
 [7.220902410347929, -8.540414621133966, -11.481229454250787],
 [25.157357700392293, -12.772227551976563, -11.480191144222195],
 [14.63030891598774, -14.655849343283688, 11.002302054480424],
 [0.7118185054455637, -30.0, 9.21751862585932],
 [8.043778974082537, -10.60932784724952, -3.420515540545887],
 [-23.347941242089796, -2.2869734602100387, 9.654888907416055],
 [18.202068067484753, -4.496693213988795, -13.013446010926444],
 [6.293221413622657, -30.0, -9.890094883301668],
 [7.509054752278004, -14.813544320773094, -27.135019704571032],
 [2.8130465367797335, 6.489204618993055, 3.052299556513967],
 [12.982451345107888, 15.957820765159195, 24.691535747244053],
 [-30.0, -7.936667380211221, 2.5038843530122072],
 [-19.558196706651493, 2.5024251161590207, 12.139319368402067],
 [18.708041760705697, -30.0, -7.6602860266118284],
 [5.338310252130413, 13.218841601822973, -1.025041891252791],
 [-0.09958511719404939, -11.226067452823514, 6.855354076102192],
 [2.0875568513772755, 17.753289477065067, -17.2132054139442],
 [10.76004991934958, -30.0, -8.059661042219803],
 [10.06751669626617, -21.166708952424706, -0.8060096069221352],
 [1.2235161184708465, -7.788256928555247, -0.9770585397451566],
 [-12.03414736156281, 13.960233559530106, -11.58841080120201],
 [-30.0, -7.420185346744426, -4.751627140368173],
 [22.565623515418103, -4.816313971022774, -6.366865799599363],
 [6.303446342998987, 30.0, 17.316848460202745],
 [4.0257168777986765, -14.962952615664008, -3.6172346536655837],
 [13.098947266337527, -9.922214848944714, -3.1463383686684425],
 [1.6727678036160918, 6.905169399605061, -2.1644690525491725],
 [9.648274621930057, 30.0, 3.4152171909422133],
 [-8.142648103669492, -8.906825407708503, 6.060047232999673],
 [0.3757665620394399, -15.402903087247676, -3.1260495244166897],
 [20.743823832979167, -3.5322321438951008, 11.149850358851388],
 [30.0, -9.259303202112932, -3.650471463514539],
 [-25.869185318248185, 9.41539156571094, 19.33336035823039],
 [0.6006992503680788, -14.623171060175011, -19.942289161148228],
 [1.9577775124018268, -18.01484189003784, -0.4061401608372659],
 [-13.894352840257659, -7.635122720516319, 10.716471314958302],
 [1.2010194922557007, -1.5592413706059638, 5.702622374931322],
 [-4.166190691698894, -16.384808850755277, -1.01163263462373],
 [-5.113478246209766, -2.3746591670886854, 4.96371340867748],
 [0.934478644163561, 1.8649757123206747, -1.7862049041197172],
 [-30.0, 0.17774554671956633, 19.805774761234357],
 [-30.0, 5.391786373450053, -3.9535729968213404],
 [5.521160606049108, 0.31791772948993113, -12.997964396737235],
 [1.7409271155163017, 12.444234054904204, 22.41993871689098],
 [5.23573698001508, 25.608784396508202, -3.0750382082184298],
 [-6.885718057853506, -9.420465239151115, -2.086679103887503],
 [0.6117857722821574, -3.9526674850145533, 3.013683940932505],
 [9.529109017554926, -1.6812090023303572, -3.845273581991054],
 [2.519551348638843, 8.095867394016281, 1.968749549723797],
 [1.1952109491548175, 9.92331915211924, -1.1609440813144634],
 [30.0, 2.8594879058735545, -0.6435830885523508],
 [-12.542646953431493, -14.34112936062635, -5.054311897617853],
 [17.73181638164774, -1.6467883461653343, -14.324070004032958],
 [8.700997706090059, -2.1000057342068317, -4.93892989997029],
 [6.625153602853929, 30.0, -4.701207172085414],
 [0.6029864856532017, -8.816461942593138, -7.2119321359840844],
 [0.8385574274715217, -1.0294082703872554, -5.786237117575025],
 [4.3898667204377215, 7.177336390022997, -4.129286874168087],
 [-3.901596454663525, 0.08302365496885145, -2.3308152882505047],
 [0.8919169060316227, -15.597191208868539, -1.388314487454027]]
最小値（目的関数）:6.585659260603953
入力値:[ 0.93447864  1.86497571 -1.7862049 ]
経過時間:627.0539426803589sec
num_evaluation of BBF = 150.0