
BO_ratio_matrix=array([[109.42219013, 111.11898911],
       [ 97.81188993, 100.10087471],
       [100.11009598, 108.03693277],
       [ 96.90054014, 102.73829987],
       [ 98.65016406, 100.86078609]])
RS_ratio_matrix=array([[105.83184712, 105.0821671 ],
       [109.17227468,  96.16038801],
       [109.17227468,  87.12980965],
       [103.61339735, 100.02905242],
       [ 99.16007259,  99.89495919]])
BO_time_matrix=array([[ 39.03235412,  41.25635338],
       [118.68248177, 125.05914068],
       [204.48731065, 210.48105955],
       [416.13351202, 419.64298582],
       [623.56817889, 627.05394268]])
RS_time_matrix=array([[ 39.72383094,  41.79005075],
       [147.19425559, 124.12964106],
       [204.24438238, 208.65991235],
       [414.94648671, 417.80772567],
       [622.50983882, 626.47855949]])
BO_cost_matrix=array([[24.00597478, 21.11187768],
       [ 5.38495688, 29.177253  ],
       [ 4.13243594, 17.4440337 ],
       [ 7.91420303,  6.52273234],
       [ 4.81775681,  6.58565926]])
RS_cost_matrix=array([[18.0273498 , 20.2905032 ],
       [12.93611327, 15.42637946],
       [12.93611327, 14.02745121],
       [ 7.01377181,  7.45525311],
       [ 4.16250444,  6.10294895]])
Mean Accumulated PREC(%) 2 times; BBF=[ 10.  30.  50. 100. 150.]
BO_vec=array([110.27058962,  98.95638232, 104.07351438,  99.81942   ,
        99.75547508])
RS_vec=array([105.45700711, 102.66633135,  98.15104217, 101.82122489,
        99.52751589])
Median Accumulated PREC(%) 2 times; BBF=[ 10.  30.  50. 100. 150.]
BO_vec=array([110.27058962,  98.95638232, 104.07351438,  99.81942   ,
        99.75547508])
RS_vec=array([105.45700711, 102.66633135,  98.15104217, 101.82122489,
        99.52751589])
Min Accumulated PREC(%) 2 times; BBF=[ 10.  30.  50. 100. 150.]
BO_vec=array([109.42219013,  97.81188993, 100.11009598,  96.90054014,
        98.65016406])
RS_vec=array([105.0821671 ,  96.16038801,  87.12980965, 100.02905242,
        99.16007259])
Max Accumulated PREC(%) 2 times; BBF=[ 10.  30.  50. 100. 150.]
BO_vec=array([111.11898911, 100.10087471, 108.03693277, 102.73829987,
       100.86078609])
RS_vec=array([105.83184712, 109.17227468, 109.17227468, 103.61339735,
        99.89495919])
Mean Cost function value 2 times; BBF=[ 10.  30.  50. 100. 150.]
BO_vec=array([22.55892623, 17.28110494, 10.78823482,  7.21846768,  5.70170804])
RS_vec=array([19.1589265 , 14.18124636, 13.48178224,  7.23451246,  5.1327267 ])
Median Cost function value 2 times; BBF=[ 10.  30.  50. 100. 150.]
BO_vec=array([22.55892623, 17.28110494, 10.78823482,  7.21846768,  5.70170804])
RS_vec=array([19.1589265 , 14.18124636, 13.48178224,  7.23451246,  5.1327267 ])
Min Cost function value 2 times; BBF=[ 10.  30.  50. 100. 150.]
BO_vec=array([21.11187768,  5.38495688,  4.13243594,  6.52273234,  4.81775681])
RS_vec=array([18.0273498 , 12.93611327, 12.93611327,  7.01377181,  4.16250444])
Max Cost function value 2 times; BBF=[ 10.  30.  50. 100. 150.]
BO_vec=array([24.00597478, 29.177253  , 17.4440337 ,  7.91420303,  6.58565926])
RS_vec=array([20.2905032 , 15.42637946, 14.02745121,  7.45525311,  6.10294895])