
BO_ratio_matrix=array([[83.48066236, 83.86737901, 82.35670969, 83.67262752, 87.01716593,
        79.74166094, 83.95614578, 88.01680648, 84.92470548, 88.09486883],
       [84.75279806, 87.64718711, 82.24366472, 83.94176715, 84.17296139,
        81.93786446, 87.29542584, 86.37000546, 83.902654  , 85.02871896],
       [83.61511527, 87.64718711, 82.24366472, 83.94176715, 84.17296139,
        84.45681595, 87.29542584, 87.04702358, 83.93144368, 82.94155334],
       [86.50758878, 85.2141763 , 87.76511376, 84.8639498 , 85.32672293,
        88.53290854, 87.29542584, 87.04702358, 88.67827037, 83.42290143],
       [87.25649456, 85.2141763 , 87.76511376, 86.90015706, 85.80150644,
        88.53290854, 87.29542584, 87.04702358, 88.67827037, 84.68230385],
       [87.25649456, 84.42049929, 87.76511376, 86.90015706, 85.80150644,
        88.53290854, 86.97722957, 87.84406357, 88.67827037, 84.68230385]])
RS_ratio_matrix=array([[87.9910561 , 86.71103409, 84.54781738, 85.40475539, 84.18320126,
        84.92880222, 88.55393456, 87.28704836, 82.77778388, 89.19852308],
       [86.48588705, 85.64049675, 84.54781738, 88.0640356 , 87.09343086,
        84.92880222, 87.78126887, 84.25236511, 84.59112311, 80.46251501],
       [86.48588705, 82.1310794 , 84.54781738, 88.0640356 , 87.48262803,
        84.92880222, 89.11875968, 84.25236511, 84.59112311, 85.32183367],
       [86.48588705, 82.1310794 , 84.54781738, 88.0640356 , 87.42891374,
        86.93114891, 89.11875968, 88.62324827, 88.90860439, 86.78340278],
       [83.19623927, 83.48064201, 84.54781738, 88.0640356 , 82.346591  ,
        86.93114891, 89.11875968, 87.35616106, 86.2579679 , 86.78340278],
       [83.19623927, 83.48064201, 84.54781738, 86.30755167, 82.346591  ,
        86.93114891, 89.11875968, 87.35616106, 88.07285553, 85.18358729]])
BO_time_matrix=array([[ 38.84263253,  41.29503274,  41.20890546,  40.93072009,
         41.80418205,  41.97091818,  40.89425898,  42.50674939,
         41.53604007,  41.64481306],
       [ 87.30943155,  95.95165133,  83.98860526,  83.47392797,
         86.83499575,  84.70153832,  83.6513176 ,  90.11112976,
         84.71686673,  89.42254972],
       [ 86.25618672, 117.65840483,  85.99459672,  86.85751891,
         86.84229636,  85.20693684,  95.70818543,  93.65692139,
         97.71075511,  93.40767384],
       [251.64255142, 253.03794479, 226.530406  , 228.7076695 ,
        251.18876314, 222.19141126, 231.98335314, 261.28767586,
        257.67997646, 243.22500682],
       [259.73829031, 261.11733055, 237.23790431, 263.93067527,
        249.28251815, 243.24813247, 257.97235823, 275.85412741,
        263.23014832, 266.56001377],
       [300.53392243, 316.0944345 , 260.81197262, 321.96120667,
        273.62779045, 262.24266148, 302.72302103, 294.57782078,
        278.88025808, 297.52185702]])
RS_time_matrix=array([[ 38.52139807,  40.16162992,  39.59807587,  39.79767227,
         41.00980258,  39.76829815,  40.67356396,  40.62204909,
         40.05869842,  40.30320168],
       [ 80.67229009,  84.40006018,  79.17729163,  82.92275906,
         81.91604877,  80.87731552,  86.63355494,  81.58716249,
         80.19929576, 704.84612966],
       [ 90.30741477,  89.04587555,  79.59367442,  79.46826792,
         79.86258316,  79.59197044,  84.62848067,  92.34189057,
         80.98670793,  84.94720268],
       [210.90809703, 214.31363249, 199.34996104, 201.69559288,
        205.56889105, 199.93411636, 212.56918144, 214.53561902,
        217.93656611, 207.13170123],
       [204.03289938, 215.84476256, 200.53636432, 218.01986384,
        200.07526803, 200.3621099 , 218.97223139, 203.7997961 ,
        206.00658774, 209.61333299],
       [202.91568494, 210.22210073, 198.5934875 , 215.91882491,
        198.89373112, 199.6936121 , 215.89109731, 203.4191649 ,
        202.63765478, 206.94430065]])
BO_cost_matrix=array([[  2.98656118,   1.98224867, -25.24731789, -22.77081288,
        -18.36306158, -10.99730654, -17.70232722, -21.80822312,
        -18.94909131, -12.20411179],
       [-25.6097157 ,   1.41572158, -27.05873167, -24.9838167 ,
        -28.25466269, -12.41796702, -29.97285212, -25.76532073,
        -29.08659239, -20.56007293],
       [-29.62651316,   1.41572158, -27.05873167, -24.9838167 ,
        -28.25466269, -17.44241284, -29.97285212, -32.92667159,
        -32.02347642, -25.97055678],
       [-32.45549678,  -1.10769729, -34.03377483, -32.94442608,
        -32.00977899, -34.5631537 , -29.97285212, -32.92667159,
        -34.54379885, -31.9082422 ],
       [-32.96880996,  -1.10769729, -34.03377483, -34.10349049,
        -34.80374886, -34.5631537 , -29.97285212, -32.92667159,
        -34.54379885, -33.68395874],
       [-32.96880996, -14.80687762, -34.03377483, -34.10349049,
        -34.80374886, -34.5631537 , -31.40021124, -33.23493209,
        -34.54379885, -33.68395874]])
RS_cost_matrix=array([[  2.74044797,  18.77696198, -31.16150087, -17.47272156,
         16.0943555 , -19.06408451, -12.11024878,  -4.08509301,
         -4.47869344,   6.31336671],
       [-26.53641261, -18.24908102, -31.16150087, -25.97409558,
        -18.47161182, -19.06408451, -22.29230931, -24.91222079,
        -23.1316126 , -12.60218613],
       [-26.53641261, -24.00645012, -31.16150087, -25.97409558,
        -26.60361742, -19.06408451, -24.14326263, -24.91222079,
        -23.1316126 , -21.41235135],
       [-26.53641261, -24.00645012, -31.16150087, -25.97409558,
        -27.70528903, -32.06415229, -24.14326263, -26.50009373,
        -28.5541149 , -22.1906098 ],
       [-29.38716198, -26.83733685, -31.16150087, -25.97409558,
        -27.80532283, -32.06415229, -24.14326263, -32.98123213,
        -29.08391731, -22.1906098 ],
       [-29.38716198, -26.83733685, -31.16150087, -27.5918426 ,
        -27.80532283, -32.06415229, -24.14326263, -32.98123213,
        -33.85965687, -31.24305738]])
Mean Accumulated PREC(%) 10 times; BBF=[ 10.  30.  50. 100. 150. 200.]
BO_vec=array([84.5128732 , 84.72930472, 84.7292958 , 86.46540813, 86.91733803,
       86.8858547 ])
RS_vec=array([86.15839563, 85.38477419, 85.69243312, 86.90228972, 85.80827656,
       85.65413538])
Median Accumulated PREC(%) 10 times; BBF=[ 10.  30.  50. 100. 150. 200.]
BO_vec=array([83.91176239, 84.46287973, 84.05736427, 86.77730618, 87.15175907,
       87.11686206])
RS_vec=array([86.05789474, 85.28464948, 85.12531795, 87.18003132, 86.52068534,
       85.74556948])
Min Accumulated PREC(%) 10 times; BBF=[ 10.  30.  50. 100. 150. 200.]
BO_vec=array([79.74166094, 81.93786446, 82.24366472, 83.42290143, 84.68230385,
       84.42049929])
RS_vec=array([82.77778388, 80.46251501, 82.1310794 , 82.1310794 , 82.346591  ,
       82.346591  ])
Max Accumulated PREC(%) 10 times; BBF=[ 10.  30.  50. 100. 150. 200.]
BO_vec=array([88.09486883, 87.64718711, 87.64718711, 88.67827037, 88.67827037,
       88.67827037])
RS_vec=array([89.19852308, 88.0640356 , 89.11875968, 89.11875968, 89.11875968,
       89.11875968])
Mean Cost function value 10 times; BBF=[ 10.  30.  50. 100. 150. 200.]
BO_vec=array([-14.30734425, -22.22940104, -24.68439724, -29.64658924,
       -30.27079564, -31.81427564])
RS_vec=array([ -4.444721  , -22.23951153, -24.69456085, -26.88359816,
       -28.16285923, -29.70745264])
Median Cost function value 10 times; BBF=[ 10.  30.  50. 100. 150. 200.]
BO_vec=array([-18.0326944 , -25.68751821, -27.65669718, -32.69108418,
       -33.85886679, -33.85886679])
RS_vec=array([ -4.28189322, -22.71196096, -24.52774171, -26.51825317,
       -28.44462007, -30.27433143])
Min Cost function value 10 times; BBF=[ 10.  30.  50. 100. 150. 200.]
BO_vec=array([-25.24731789, -29.97285212, -32.92667159, -34.5631537 ,
       -34.80374886, -34.80374886])
RS_vec=array([-31.16150087, -31.16150087, -31.16150087, -32.06415229,
       -32.98123213, -33.85965687])
Max Cost function value 10 times; BBF=[ 10.  30.  50. 100. 150. 200.]
BO_vec=array([  2.98656118,   1.41572158,   1.41572158,  -1.10769729,
        -1.10769729, -14.80687762])
RS_vec=array([ 18.77696198, -12.60218613, -19.06408451, -22.1906098 ,
       -22.1906098 , -24.14326263])